id	chromosome_name	start_position	end_position	strand	hgnc_symbol	ensembl_gene_id_version	ensembl_gene_id	transcript_count
NUMT_01.001	1	536816	659930	-1	NA	ENSG00000230021.3	ENSG00000230021	5
NUMT_01.002	NA	NA	NA	NA	NA	NA	NA	NA
NUMT_01.003	NA	NA	NA	NA	NA	NA	NA	NA
NUMT_01.004	NA	NA	NA	NA	NA	NA	NA	NA
NUMT_01.005	1	9599541	9645237	1	SLC25A33	ENSG00000171612.6	ENSG00000171612	1
NUMT_01.006	1	11166592	11322564	-1	MTOR	ENSG00000198793.8	ENSG00000198793	7
NUMT_01.006	1	11203955	11209594	1	MTOR-AS1	ENSG00000225602.1	ENSG00000225602	2
NUMT_01.007	NA	NA	NA	NA	NA	NA	NA	NA
NUMT_01.008	NA	NA	NA	NA	NA	NA	NA	NA
NUMT_01.009	1	38076951	38100595	-1	RSPO1	ENSG00000169218.9	ENSG00000169218	6
NUMT_01.010	1	48998527	50489585	-1	AGBL4	ENSG00000186094.12	ENSG00000186094	6
NUMT_01.011	NA	NA	NA	NA	NA	NA	NA	NA
NUMT_01.012	1	77333126	77531396	1	ST6GALNAC5	ENSG00000117069.10	ENSG00000117069	5
NUMT_01.013	NA	NA	NA	NA	NA	NA	NA	NA
NUMT_01.014	1	94386824	94387223	-1	CHCHD2P5	ENSG00000223490.2	ENSG00000223490	1
NUMT_01.015	1	94388130	94389501	-1	MTND4P11	ENSG00000234099.1	ENSG00000234099	1
NUMT_01.016	1	94390299	94390941	-1	NA	ENSG00000232752.1	ENSG00000232752	1
NUMT_01.016	1	94390962	94391628	-1	NA	ENSG00000229842.2	ENSG00000229842	1
NUMT_01.017	1	94391588	94391744	-1	NA	ENSG00000250890.1	ENSG00000250890	1
NUMT_01.017	1	94392171	94393125	-1	NA	ENSG00000236689.1	ENSG00000236689	1
NUMT_01.018	1	94392171	94393125	-1	NA	ENSG00000236689.1	ENSG00000236689	1
NUMT_01.018	1	94393270	94393858	-1	NA	ENSG00000226960.1	ENSG00000226960	1
NUMT_01.019	NA	NA	NA	NA	NA	NA	NA	NA
NUMT_01.020	1	94400035	94400800	-1	NA	ENSG00000233129.1	ENSG00000233129	1
NUMT_01.021	NA	NA	NA	NA	NA	NA	NA	NA
NUMT_01.022	1	104159999	104168402	1	AMY2A	ENSG00000243480.3	ENSG00000243480	3
NUMT_01.023	NA	NA	NA	NA	NA	NA	NA	NA
NUMT_01.024	1	113933371	114228545	1	MAGI3	ENSG00000081026.14	ENSG00000081026	6
NUMT_01.025	1	142791488	142792556	1	NA	ENSG00000230255.1	ENSG00000230255	1
NUMT_01.026	NA	NA	NA	NA	NA	NA	NA	NA
NUMT_01.027	NA	NA	NA	NA	NA	NA	NA	NA
NUMT_01.028	1	143243809	143244859	-1	NA	ENSG00000231289.1	ENSG00000231289	1
NUMT_01.029	1	143245164	143245590	1	NA	ENSG00000229420.1	ENSG00000229420	1
NUMT_01.029	1	143245823	143246210	1	NA	ENSG00000234654.1	ENSG00000234654	1
NUMT_01.030	NA	NA	NA	NA	NA	NA	NA	NA
NUMT_01.031	1	143343559	143344609	1	NA	ENSG00000232571.1	ENSG00000232571	1
NUMT_01.032	NA	NA	NA	NA	NA	NA	NA	NA
NUMT_01.033	NA	NA	NA	NA	NA	NA	NA	NA
NUMT_01.034	NA	NA	NA	NA	NA	NA	NA	NA
NUMT_01.035	1	169433147	169455241	-1	SLC19A2	ENSG00000117479.8	ENSG00000117479	2
NUMT_01.036	NA	NA	NA	NA	NA	NA	NA	NA
NUMT_01.037	1	181382238	181777219	1	CACNA1E	ENSG00000198216.6	ENSG00000198216	9
NUMT_01.038	NA	NA	NA	NA	NA	NA	NA	NA
NUMT_01.039	1	191844625	191980390	1	NA	ENSG00000228215.2	ENSG00000228215	1
NUMT_01.040	NA	NA	NA	NA	NA	NA	NA	NA
NUMT_01.041	NA	NA	NA	NA	NA	NA	NA	NA
NUMT_01.042	NA	NA	NA	NA	NA	NA	NA	NA
NUMT_01.043	NA	NA	NA	NA	NA	NA	NA	NA
NUMT_01.044	1	227085237	227175246	1	ADCK3	ENSG00000163050.12	ENSG00000163050	12
NUMT_01.045	NA	NA	NA	NA	NA	NA	NA	NA
NUMT_01.046	NA	NA	NA	NA	NA	NA	NA	NA
NUMT_01.047	NA	NA	NA	NA	NA	NA	NA	NA
NUMT_01.048	1	238111317	238112443	-1	NA	ENSG00000232154.2	ENSG00000232154	1
NUMT_01.049	NA	NA	NA	NA	NA	NA	NA	NA
NUMT_01.050	1	240652873	240775449	-1	GREM2	ENSG00000180875.4	ENSG00000180875	1
NUMT_01.050	1	240713167	240713678	-1	NA	ENSG00000226014.1	ENSG00000226014	1
NUMT_01.051	NA	NA	NA	NA	NA	NA	NA	NA
NUMT_02.001	NA	NA	NA	NA	NA	NA	NA	NA
NUMT_02.002	2	11319887	11488456	-1	ROCK2	ENSG00000134318.9	ENSG00000134318	8
NUMT_02.003	2	15307032	15701454	-1	NBAS	ENSG00000151779.8	ENSG00000151779	10
NUMT_02.004	2	22156208	22753977	-1	NA	ENSG00000231200.1	ENSG00000231200	1
NUMT_02.005	2	33931953	34522820	1	NA	ENSG00000203386.2	ENSG00000203386	2
NUMT_02.006	NA	NA	NA	NA	NA	NA	NA	NA
NUMT_02.007	NA	NA	NA	NA	NA	NA	NA	NA
NUMT_02.008	2	50145643	51259674	-1	NRXN1	ENSG00000179915.16	ENSG00000179915	17
NUMT_02.009	2	56374765	56613306	1	NA	ENSG00000271894.1	ENSG00000271894	1
NUMT_02.009	2	56411258	56613308	1	CCDC85A	ENSG00000055813.5	ENSG00000055813	1
NUMT_02.010	NA	NA	NA	NA	NA	NA	NA	NA
NUMT_02.011	2	63348518	64054977	-1	WDPCP	ENSG00000143951.11	ENSG00000143951	17
NUMT_02.012	2	68358370	68488362	-1	NA	ENSG00000273398.1	ENSG00000273398	1
NUMT_02.013	2	75273590	75426826	-1	TACR1	ENSG00000115353.6	ENSG00000115353	3
NUMT_02.014	NA	NA	NA	NA	NA	NA	NA	NA
NUMT_02.015	NA	NA	NA	NA	NA	NA	NA	NA
NUMT_02.016	NA	NA	NA	NA	NA	NA	NA	NA
NUMT_02.017	NA	NA	NA	NA	NA	NA	NA	NA
NUMT_02.018	NA	NA	NA	NA	NA	NA	NA	NA
NUMT_02.019	2	88055474	88285309	-1	RGPD2	ENSG00000185304.12	ENSG00000185304	4
NUMT_02.020	2	92194706	92195147	-1	NA	ENSG00000235147.1	ENSG00000235147	1
NUMT_02.021	2	95533231	95613086	-1	NA	ENSG00000259848.4	ENSG00000259848	4
NUMT_02.021	2	95565311	95566406	-1	NA	ENSG00000237055.1	ENSG00000237055	1
NUMT_02.022	2	95533231	95613086	-1	NA	ENSG00000259848.4	ENSG00000259848	4
NUMT_02.022	2	95566735	95567347	1	NA	ENSG00000232128.1	ENSG00000232128	1
NUMT_02.023	2	95533231	95613086	-1	NA	ENSG00000259848.4	ENSG00000259848	4
NUMT_02.024	2	97308474	97370624	1	FER1L5	ENSG00000249715.5	ENSG00000249715	6
NUMT_02.025	2	103089762	103150431	1	SLC9A4	ENSG00000180251.4	ENSG00000180251	2
NUMT_02.026	NA	NA	NA	NA	NA	NA	NA	NA
NUMT_02.027	2	109510927	109605828	-1	EDAR	ENSG00000135960.5	ENSG00000135960	3
NUMT_02.028	2	115199876	116603328	1	DPP10	ENSG00000175497.12	ENSG00000175497	13
NUMT_02.029	NA	NA	NA	NA	NA	NA	NA	NA
NUMT_02.030	NA	NA	NA	NA	NA	NA	NA	NA
NUMT_02.031	NA	NA	NA	NA	NA	NA	NA	NA
NUMT_02.032	NA	NA	NA	NA	NA	NA	NA	NA
NUMT_02.033	2	120932461	120974120	-1	NA	ENSG00000224789.1	ENSG00000224789	1
NUMT_02.033	2	120969303	120970438	1	NA	ENSG00000227788.1	ENSG00000227788	1
NUMT_02.033	2	120970511	120970851	1	MTND3P10	ENSG00000233286.1	ENSG00000233286	1
NUMT_02.034	2	120932461	120974120	-1	NA	ENSG00000224789.1	ENSG00000224789	1
NUMT_02.034	2	120972757	120974855	1	MTND5P28	ENSG00000223549.1	ENSG00000223549	1
NUMT_02.035	2	120932461	120974120	-1	NA	ENSG00000224789.1	ENSG00000224789	1
NUMT_02.035	2	120972757	120974855	1	MTND5P28	ENSG00000223549.1	ENSG00000223549	1
NUMT_02.036	NA	NA	NA	NA	NA	NA	NA	NA
NUMT_02.037	2	124782864	125672864	1	CNTNAP5	ENSG00000155052.14	ENSG00000155052	3
NUMT_02.038	NA	NA	NA	NA	NA	NA	NA	NA
NUMT_02.039	NA	NA	NA	NA	NA	NA	NA	NA
NUMT_02.040	NA	NA	NA	NA	NA	NA	NA	NA
NUMT_02.041	2	131028169	131029845	1	MTND1P29	ENSG00000237722.1	ENSG00000237722	1
NUMT_02.042	2	131028169	131029845	1	MTND1P29	ENSG00000237722.1	ENSG00000237722	1
NUMT_02.043	NA	NA	NA	NA	NA	NA	NA	NA
NUMT_02.044	NA	NA	NA	NA	NA	NA	NA	NA
NUMT_02.045	2	132137726	132138486	-1	NA	ENSG00000227661.1	ENSG00000227661	1
NUMT_02.046	2	132137726	132138486	-1	NA	ENSG00000227661.1	ENSG00000227661	1
NUMT_02.047	2	132140216	132141634	-1	NA	ENSG00000237910.1	ENSG00000237910	1
NUMT_02.047	2	132142034	132143063	-1	MTND2P18	ENSG00000234939.1	ENSG00000234939	1
NUMT_02.048	NA	NA	NA	NA	NA	NA	NA	NA
NUMT_02.049	NA	NA	NA	NA	NA	NA	NA	NA
NUMT_02.050	2	133174147	133404132	1	GPR39	ENSG00000183840.5	ENSG00000183840	2
NUMT_02.051	2	135213330	135476570	-1	TMEM163	ENSG00000152128.13	ENSG00000152128	3
NUMT_02.052	2	140975220	140977937	-1	MTND2P19	ENSG00000231567.1	ENSG00000231567	1
NUMT_02.053	NA	NA	NA	NA	NA	NA	NA	NA
NUMT_02.054	NA	NA	NA	NA	NA	NA	NA	NA
NUMT_02.055	NA	NA	NA	NA	NA	NA	NA	NA
NUMT_02.056	2	143848931	144525921	1	ARHGAP15	ENSG00000075884.8	ENSG00000075884	14
NUMT_02.057	2	143848931	144525921	1	ARHGAP15	ENSG00000075884.8	ENSG00000075884	14
NUMT_02.057	2	143850625	143851733	-1	NA	ENSG00000224288.2	ENSG00000224288	1
NUMT_02.058	2	143848931	144525921	1	ARHGAP15	ENSG00000075884.8	ENSG00000075884	14
NUMT_02.058	2	143856467	143857502	-1	NA	ENSG00000225476.1	ENSG00000225476	1
NUMT_02.059	2	143848931	144525921	1	ARHGAP15	ENSG00000075884.8	ENSG00000075884	14
NUMT_02.060	NA	NA	NA	NA	NA	NA	NA	NA
NUMT_02.061	NA	NA	NA	NA	NA	NA	NA	NA
NUMT_02.062	2	149624039	149646351	-1	NA	ENSG00000231079.3	ENSG00000231079	4
NUMT_02.062	2	149632819	149883273	1	KIF5C	ENSG00000168280.12	ENSG00000168280	7
NUMT_02.063	NA	NA	NA	NA	NA	NA	NA	NA
NUMT_02.064	NA	NA	NA	NA	NA	NA	NA	NA
NUMT_02.065	2	167260083	167350757	-1	SCN7A	ENSG00000136546.9	ENSG00000136546	5
NUMT_02.066	NA	NA	NA	NA	NA	NA	NA	NA
NUMT_02.067	2	180306709	180726232	-1	ZNF385B	ENSG00000144331.14	ENSG00000144331	13
NUMT_02.068	2	197059094	197458416	-1	HECW2	ENSG00000138411.6	ENSG00000138411	6
NUMT_02.069	2	202047604	202094129	1	CASP10	ENSG00000003400.10	ENSG00000003400	13
NUMT_02.070	2	202352148	202483901	-1	ALS2CR11	ENSG00000155754.10	ENSG00000155754	5
NUMT_02.071	2	202352148	202483901	-1	ALS2CR11	ENSG00000155754.10	ENSG00000155754	5
NUMT_02.071	2	202419107	202420774	1	MTND4P29	ENSG00000249177.1	ENSG00000249177	1
NUMT_02.072	2	202352148	202483901	-1	ALS2CR11	ENSG00000155754.10	ENSG00000155754	5
NUMT_02.072	2	202421615	202422988	1	MTND5P31	ENSG00000227841.1	ENSG00000227841	1
NUMT_02.073	2	202352148	202483901	-1	ALS2CR11	ENSG00000155754.10	ENSG00000155754	5
NUMT_02.073	2	202421615	202422988	1	MTND5P31	ENSG00000227841.1	ENSG00000227841	1
NUMT_02.074	2	203482706	203483604	1	MTND4P30	ENSG00000227454.2	ENSG00000227454	1
NUMT_02.074	2	203483908	203484619	-1	NA	ENSG00000233311.1	ENSG00000233311	1
NUMT_02.075	2	203483908	203484619	-1	NA	ENSG00000233311.1	ENSG00000233311	1
NUMT_02.076	2	203483908	203484619	-1	NA	ENSG00000233311.1	ENSG00000233311	1
NUMT_02.077	2	203483908	203484619	-1	NA	ENSG00000233311.1	ENSG00000233311	1
NUMT_02.078	NA	NA	NA	NA	NA	NA	NA	NA
NUMT_02.079	2	212240446	213403565	-1	ERBB4	ENSG00000178568.9	ENSG00000178568	9
NUMT_02.080	2	212240446	213403565	-1	ERBB4	ENSG00000178568.9	ENSG00000178568	9
NUMT_02.080	2	212641931	212642581	1	MTND2P23	ENSG00000232631.1	ENSG00000232631	1
NUMT_02.081	2	212240446	213403565	-1	ERBB4	ENSG00000178568.9	ENSG00000178568	9
NUMT_02.082	2	216476286	216708445	-1	LINC00607	ENSG00000235770.1	ENSG00000235770	6
NUMT_02.083	2	217559187	217858802	1	NA	ENSG00000236886.2	ENSG00000236886	2
NUMT_02.084	2	218148742	218621316	-1	DIRC3	ENSG00000231672.2	ENSG00000231672	4
NUMT_02.085	NA	NA	NA	NA	NA	NA	NA	NA
NUMT_02.086	NA	NA	NA	NA	NA	NA	NA	NA
NUMT_02.087	NA	NA	NA	NA	NA	NA	NA	NA
NUMT_02.088	2	229715242	230136001	-1	PID1	ENSG00000153823.14	ENSG00000153823	6
NUMT_02.089	NA	NA	NA	NA	NA	NA	NA	NA
NUMT_02.090	2	238394071	238463961	1	MLPH	ENSG00000115648.9	ENSG00000115648	24
NUMT_02.091	2	238394071	238463961	1	MLPH	ENSG00000115648.9	ENSG00000115648	24
NUMT_02.092	2	238394071	238463961	1	MLPH	ENSG00000115648.9	ENSG00000115648	24
NUMT_02.093	2	238394071	238463961	1	MLPH	ENSG00000115648.9	ENSG00000115648	24
NUMT_02.094	2	238394071	238463961	1	MLPH	ENSG00000115648.9	ENSG00000115648	24
NUMT_02.095	2	238394071	238463961	1	MLPH	ENSG00000115648.9	ENSG00000115648	24
NUMT_02.096	2	238394071	238463961	1	MLPH	ENSG00000115648.9	ENSG00000115648	24
NUMT_02.097	2	238394071	238463961	1	MLPH	ENSG00000115648.9	ENSG00000115648	24
NUMT_02.098	2	238394071	238463961	1	MLPH	ENSG00000115648.9	ENSG00000115648	24
NUMT_02.099	2	238394071	238463961	1	MLPH	ENSG00000115648.9	ENSG00000115648	24
NUMT_02.100	2	238394071	238463961	1	MLPH	ENSG00000115648.9	ENSG00000115648	24
NUMT_02.101	2	238394071	238463961	1	MLPH	ENSG00000115648.9	ENSG00000115648	24
NUMT_02.102	2	238394071	238463961	1	MLPH	ENSG00000115648.9	ENSG00000115648	24
NUMT_02.103	2	238394071	238463961	1	MLPH	ENSG00000115648.9	ENSG00000115648	24
NUMT_02.104	2	238394071	238463961	1	MLPH	ENSG00000115648.9	ENSG00000115648	24
NUMT_02.105	2	238394071	238463961	1	MLPH	ENSG00000115648.9	ENSG00000115648	24
NUMT_02.106	2	238394071	238463961	1	MLPH	ENSG00000115648.9	ENSG00000115648	24
NUMT_03.001	3	12045876	12232900	1	SYN2	ENSG00000157152.12	ENSG00000157152	6
NUMT_03.001	3	12206799	12207142	-1	NA	ENSG00000233026.1	ENSG00000233026	1
NUMT_03.002	3	12045876	12232900	1	SYN2	ENSG00000157152.12	ENSG00000157152	6
NUMT_03.003	3	25215823	25639423	1	RARB	ENSG00000077092.14	ENSG00000077092	9
NUMT_03.004	3	28356494	28390618	-1	AZI2	ENSG00000163512.9	ENSG00000163512	14
NUMT_03.005	3	29322473	30051886	1	RBMS3	ENSG00000144642.16	ENSG00000144642	14
NUMT_03.006	3	39850405	40301812	1	MYRIP	ENSG00000170011.9	ENSG00000170011	10
NUMT_03.007	NA	NA	NA	NA	NA	NA	NA	NA
NUMT_03.008	3	63805038	63834312	1	C3orf49	ENSG00000163632.8	ENSG00000163632	2
NUMT_03.008	3	63819546	63849579	-1	THOC7	ENSG00000163634.7	ENSG00000163634	7
NUMT_03.009	NA	NA	NA	NA	NA	NA	NA	NA
NUMT_03.010	NA	NA	NA	NA	NA	NA	NA	NA
NUMT_03.011	NA	NA	NA	NA	NA	NA	NA	NA
NUMT_03.012	NA	NA	NA	NA	NA	NA	NA	NA
NUMT_03.013	NA	NA	NA	NA	NA	NA	NA	NA
NUMT_03.014	3	96338148	96338675	1	RPL18AP8	ENSG00000218754.4	ENSG00000218754	1
NUMT_03.015	NA	NA	NA	NA	NA	NA	NA	NA
NUMT_03.016	3	98514785	98620533	-1	DCBLD2	ENSG00000057019.11	ENSG00000057019	10
NUMT_03.017	3	106555658	106959488	-1	LINC00882	ENSG00000242759.2	ENSG00000242759	7
NUMT_03.017	3	106614576	106615255	-1	NA	ENSG00000239632.1	ENSG00000239632	1
NUMT_03.017	3	106615330	106615668	-1	MTND3P6	ENSG00000242214.1	ENSG00000242214	1
NUMT_03.017	3	106615738	106616518	-1	NA	ENSG00000242836.1	ENSG00000242836	1
NUMT_03.018	3	106555658	106959488	-1	LINC00882	ENSG00000242759.2	ENSG00000242759	7
NUMT_03.018	3	106617736	106619438	1	MTND5P16	ENSG00000243658.1	ENSG00000243658	1
NUMT_03.019	3	106555658	106959488	-1	LINC00882	ENSG00000242759.2	ENSG00000242759	7
NUMT_03.019	3	106617736	106619438	1	MTND5P16	ENSG00000243658.1	ENSG00000243658	1
NUMT_03.020	3	106555658	106959488	-1	LINC00882	ENSG00000242759.2	ENSG00000242759	7
NUMT_03.020	3	106619701	106619928	-1	NA	ENSG00000250630.1	ENSG00000250630	1
NUMT_03.020	3	106619915	106620812	1	MTND1P16	ENSG00000239586.1	ENSG00000239586	1
NUMT_03.021	3	106555658	106959488	-1	LINC00882	ENSG00000242759.2	ENSG00000242759	7
NUMT_03.021	3	106619915	106620812	1	MTND1P16	ENSG00000239586.1	ENSG00000239586	1
NUMT_03.022	3	106555658	106959488	-1	LINC00882	ENSG00000242759.2	ENSG00000242759	7
NUMT_03.023	3	106555658	106959488	-1	LINC00882	ENSG00000242759.2	ENSG00000242759	7
NUMT_03.024	3	120405528	120461840	-1	RABL3	ENSG00000144840.4	ENSG00000144840	8
NUMT_03.025	3	122399465	122449687	1	PARP14	ENSG00000173193.9	ENSG00000173193	6
NUMT_03.026	3	126707437	126756235	1	PLXNA1	ENSG00000114554.7	ENSG00000114554	5
NUMT_03.027	3	128628709	128721533	-1	KIAA1257	ENSG00000114656.6	ENSG00000114656	5
NUMT_03.028	NA	NA	NA	NA	NA	NA	NA	NA
NUMT_03.029	NA	NA	NA	NA	NA	NA	NA	NA
NUMT_03.030	3	153102723	153697975	-1	NA	ENSG00000238755.3	ENSG00000238755	3
NUMT_03.031	3	160473390	160796695	1	PPM1L	ENSG00000163590.9	ENSG00000163590	5
NUMT_03.032	3	165877809	165878158	-1	MTND4P17	ENSG00000242178.1	ENSG00000242178	1
NUMT_03.032	3	165878202	165878492	-1	NA	ENSG00000240084.1	ENSG00000240084	1
NUMT_03.032	3	165878565	165878907	-1	MTND3P7	ENSG00000240824.1	ENSG00000240824	1
NUMT_03.033	NA	NA	NA	NA	NA	NA	NA	NA
NUMT_03.034	NA	NA	NA	NA	NA	NA	NA	NA
NUMT_03.035	NA	NA	NA	NA	NA	NA	NA	NA
NUMT_03.036	NA	NA	NA	NA	NA	NA	NA	NA
NUMT_03.037	NA	NA	NA	NA	NA	NA	NA	NA
NUMT_03.038	3	169629360	169656963	1	SAMD7	ENSG00000187033.5	ENSG00000187033	3
NUMT_03.039	NA	NA	NA	NA	NA	NA	NA	NA
NUMT_03.040	NA	NA	NA	NA	NA	NA	NA	NA
NUMT_03.041	NA	NA	NA	NA	NA	NA	NA	NA
NUMT_03.042	NA	NA	NA	NA	NA	NA	NA	NA
NUMT_03.043	3	185764097	185828107	-1	ETV5	ENSG00000244405.3	ENSG00000244405	15
NUMT_03.044	NA	NA	NA	NA	NA	NA	NA	NA
NUMT_04.001	4	5053169	5502725	1	STK32B	ENSG00000152953.8	ENSG00000152953	8
NUMT_04.002	4	12640710	12642633	1	NA	ENSG00000249995.1	ENSG00000249995	1
NUMT_04.003	4	14472089	14889793	-1	LINC00504	ENSG00000248360.3	ENSG00000248360	4
NUMT_04.004	4	16974898	17075526	-1	NA	ENSG00000249998.1	ENSG00000249998	1
NUMT_04.005	4	25719704	25721367	-1	MTND4P9	ENSG00000250050.1	ENSG00000250050	1
NUMT_04.005	4	25721377	25721652	-1	NA	ENSG00000248133.1	ENSG00000248133	1
NUMT_04.006	NA	NA	NA	NA	NA	NA	NA	NA
NUMT_04.007	NA	NA	NA	NA	NA	NA	NA	NA
NUMT_04.008	4	30722037	31148422	1	PCDH7	ENSG00000169851.11	ENSG00000169851	6
NUMT_04.009	4	40812044	41218731	-1	APBB2	ENSG00000163697.12	ENSG00000163697	30
NUMT_04.010	4	46037786	46126098	-1	GABRG1	ENSG00000163285.7	ENSG00000163285	1
NUMT_04.011	4	47596015	47840123	-1	CORIN	ENSG00000145244.7	ENSG00000145244	10
NUMT_04.012	4	49248618	49248932	1	NA	ENSG00000248946.2	ENSG00000248946	1
NUMT_04.013	NA	NA	NA	NA	NA	NA	NA	NA
NUMT_04.014	4	49552049	49559417	1	NA	ENSG00000232471.3	ENSG00000232471	1
NUMT_04.015	NA	NA	NA	NA	NA	NA	NA	NA
NUMT_04.016	NA	NA	NA	NA	NA	NA	NA	NA
NUMT_04.017	4	65473421	65474549	-1	NA	ENSG00000251385.2	ENSG00000251385	1
NUMT_04.018	4	65476334	65476627	-1	NA	ENSG00000248259.1	ENSG00000248259	1
NUMT_04.018	4	65476698	65477026	-1	NA	ENSG00000249045.1	ENSG00000249045	1
NUMT_04.018	4	65477092	65477606	-1	NA	ENSG00000248328.1	ENSG00000248328	1
NUMT_04.019	NA	NA	NA	NA	NA	NA	NA	NA
NUMT_04.020	4	66864564	67015730	1	NA	ENSG00000249413.2	ENSG00000249413	1
NUMT_04.021	4	68566998	68946670	1	UBA6-AS1	ENSG00000248049.2	ENSG00000248049	7
NUMT_04.022	NA	NA	NA	NA	NA	NA	NA	NA
NUMT_04.023	NA	NA	NA	NA	NA	NA	NA	NA
NUMT_04.024	4	78978724	79465423	1	FRAS1	ENSG00000138759.13	ENSG00000138759	9
NUMT_04.024	4	79109490	79109577	1	NA	ENSG00000221183.1	ENSG00000221183	1
NUMT_04.025	4	82347547	82965397	-1	RASGEF1B	ENSG00000138670.12	ENSG00000138670	8
NUMT_04.025	4	82523951	82965397	-1	NA	ENSG00000251331.2	ENSG00000251331	4
NUMT_04.025	4	82654539	82655361	-1	NA	ENSG00000248282.1	ENSG00000248282	1
NUMT_04.026	4	88489187	88655108	-1	NA	ENSG00000249001.1	ENSG00000249001	4
NUMT_04.027	4	90645250	90759466	-1	SNCA	ENSG00000145335.11	ENSG00000145335	11
NUMT_04.028	4	93225550	94695707	1	GRID2	ENSG00000152208.7	ENSG00000152208	7
NUMT_04.029	NA	NA	NA	NA	NA	NA	NA	NA
NUMT_04.030	NA	NA	NA	NA	NA	NA	NA	NA
NUMT_04.031	4	111286889	111486441	1	ENPEP	ENSG00000138792.5	ENSG00000138792	5
NUMT_04.032	4	116843171	117218316	-1	NA	ENSG00000248173.1	ENSG00000248173	2
NUMT_04.033	NA	NA	NA	NA	NA	NA	NA	NA
NUMT_04.034	4	128982423	129144086	1	LARP1B	ENSG00000138709.13	ENSG00000138709	14
NUMT_04.035	NA	NA	NA	NA	NA	NA	NA	NA
NUMT_04.036	NA	NA	NA	NA	NA	NA	NA	NA
NUMT_04.037	NA	NA	NA	NA	NA	NA	NA	NA
NUMT_04.038	NA	NA	NA	NA	NA	NA	NA	NA
NUMT_04.039	NA	NA	NA	NA	NA	NA	NA	NA
NUMT_04.040	NA	NA	NA	NA	NA	NA	NA	NA
NUMT_04.041	4	186125391	186291339	1	SNX25	ENSG00000109762.11	ENSG00000109762	6
NUMT_05.001	5	1363697	1380182	-1	NA	ENSG00000250584.2	ENSG00000250584	3
NUMT_05.001	5	1370658	1371060	-1	NA	ENSG00000248951.2	ENSG00000248951	1
NUMT_05.002	5	5396085	5396448	-1	NA	ENSG00000250808.1	ENSG00000250808	1
NUMT_05.002	5	5396590	5397081	-1	NA	ENSG00000251476.2	ENSG00000251476	1
NUMT_05.003	NA	NA	NA	NA	NA	NA	NA	NA
NUMT_05.004	NA	NA	NA	NA	NA	NA	NA	NA
NUMT_05.005	NA	NA	NA	NA	NA	NA	NA	NA
NUMT_05.006	NA	NA	NA	NA	NA	NA	NA	NA
NUMT_05.007	NA	NA	NA	NA	NA	NA	NA	NA
NUMT_05.008	NA	NA	NA	NA	NA	NA	NA	NA
NUMT_05.009	5	60047618	60140216	-1	ELOVL7	ENSG00000164181.9	ENSG00000164181	8
NUMT_05.010	5	72509774	72590761	1	NA	ENSG00000249743.1	ENSG00000249743	5
NUMT_05.011	5	72921983	73237818	1	ARHGEF28	ENSG00000214944.5	ENSG00000214944	15
NUMT_05.012	5	78668459	78810040	-1	HOMER1	ENSG00000152413.10	ENSG00000152413	5
NUMT_05.013	5	79922047	79950802	-1	DHFR	ENSG00000228716.2	ENSG00000228716	7
NUMT_05.014	5	79922047	79950802	-1	DHFR	ENSG00000228716.2	ENSG00000228716	7
NUMT_05.015	NA	NA	NA	NA	NA	NA	NA	NA
NUMT_05.016	NA	NA	NA	NA	NA	NA	NA	NA
NUMT_05.017	5	93488671	93954309	-1	KIAA0825	ENSG00000185261.9	ENSG00000185261	5
NUMT_05.018	5	93488671	93954309	-1	KIAA0825	ENSG00000185261.9	ENSG00000185261	5
NUMT_05.019	NA	NA	NA	NA	NA	NA	NA	NA
NUMT_05.020	NA	NA	NA	NA	NA	NA	NA	NA
NUMT_05.021	NA	NA	NA	NA	NA	NA	NA	NA
NUMT_05.022	NA	NA	NA	NA	NA	NA	NA	NA
NUMT_05.023	NA	NA	NA	NA	NA	NA	NA	NA
NUMT_05.024	5	118373467	118584833	1	DMXL1	ENSG00000172869.10	ENSG00000172869	15
NUMT_05.024	5	118462477	118464139	-1	NA	ENSG00000248885.1	ENSG00000248885	1
NUMT_05.025	NA	NA	NA	NA	NA	NA	NA	NA
NUMT_05.026	NA	NA	NA	NA	NA	NA	NA	NA
NUMT_05.027	5	121647049	121799914	1	SNCAIP	ENSG00000064692.14	ENSG00000064692	25
NUMT_05.028	NA	NA	NA	NA	NA	NA	NA	NA
NUMT_05.029	NA	NA	NA	NA	NA	NA	NA	NA
NUMT_05.030	5	134240596	134343649	1	PCBD2	ENSG00000132570.10	ENSG00000132570	4
NUMT_05.031	5	136310987	136934068	-1	SPOCK1	ENSG00000152377.8	ENSG00000152377	10
NUMT_05.032	NA	NA	NA	NA	NA	NA	NA	NA
NUMT_05.033	NA	NA	NA	NA	NA	NA	NA	NA
NUMT_05.034	NA	NA	NA	NA	NA	NA	NA	NA
NUMT_05.035	5	169780491	170163636	1	KCNIP1	ENSG00000182132.8	ENSG00000182132	8
NUMT_06.001	6	1624041	2245926	-1	GMDS	ENSG00000112699.6	ENSG00000112699	10
NUMT_06.002	6	5261277	5771813	1	FARS2	ENSG00000145982.7	ENSG00000145982	4
NUMT_06.003	6	24797601	25042238	-1	FAM65B	ENSG00000111913.11	ENSG00000111913	8
NUMT_06.004	NA	NA	NA	NA	NA	NA	NA	NA
NUMT_06.005	6	41902671	42018095	-1	CCND3	ENSG00000112576.8	ENSG00000112576	21
NUMT_06.006	6	43445261	43474294	1	TJAP1	ENSG00000137221.10	ENSG00000137221	14
NUMT_06.007	6	51480098	51952423	-1	PKHD1	ENSG00000170927.10	ENSG00000170927	2
NUMT_06.008	NA	NA	NA	NA	NA	NA	NA	NA
NUMT_06.009	6	74779167	75400443	1	NA	ENSG00000223786.1	ENSG00000223786	1
NUMT_06.010	NA	NA	NA	NA	NA	NA	NA	NA
NUMT_06.011	NA	NA	NA	NA	NA	NA	NA	NA
NUMT_06.012	6	92436877	92437042	1	NA	ENSG00000219087.2	ENSG00000219087	1
NUMT_06.012	6	92437000	92437223	-1	NA	ENSG00000220340.1	ENSG00000220340	1
NUMT_06.013	6	92436877	92437042	1	NA	ENSG00000219087.2	ENSG00000219087	1
NUMT_06.013	6	92437000	92437223	-1	NA	ENSG00000220340.1	ENSG00000220340	1
NUMT_06.014	6	92437000	92437223	-1	NA	ENSG00000220340.1	ENSG00000220340	1
NUMT_06.015	NA	NA	NA	NA	NA	NA	NA	NA
NUMT_06.016	NA	NA	NA	NA	NA	NA	NA	NA
NUMT_06.017	NA	NA	NA	NA	NA	NA	NA	NA
NUMT_06.018	NA	NA	NA	NA	NA	NA	NA	NA
NUMT_06.019	NA	NA	NA	NA	NA	NA	NA	NA
NUMT_06.020	6	127609855	127664754	-1	ECHDC1	ENSG00000093144.14	ENSG00000093144	24
NUMT_06.021	NA	NA	NA	NA	NA	NA	NA	NA
NUMT_06.022	NA	NA	NA	NA	NA	NA	NA	NA
NUMT_06.023	NA	NA	NA	NA	NA	NA	NA	NA
NUMT_06.024	6	143381633	143661441	1	AIG1	ENSG00000146416.12	ENSG00000146416	10
NUMT_06.025	6	144606837	145174170	1	UTRN	ENSG00000152818.14	ENSG00000152818	12
NUMT_06.026	NA	NA	NA	NA	NA	NA	NA	NA
NUMT_06.027	NA	NA	NA	NA	NA	NA	NA	NA
NUMT_06.028	NA	NA	NA	NA	NA	NA	NA	NA
NUMT_06.029	NA	NA	NA	NA	NA	NA	NA	NA
NUMT_06.030	6	161768452	163148803	-1	PARK2	ENSG00000185345.14	ENSG00000185345	7
NUMT_06.031	NA	NA	NA	NA	NA	NA	NA	NA
NUMT_07.001	7	22787294	22788423	-1	NA	ENSG00000228803.1	ENSG00000228803	1
NUMT_07.002	NA	NA	NA	NA	NA	NA	NA	NA
NUMT_07.003	7	36192758	36341152	1	EEPD1	ENSG00000122547.6	ENSG00000122547	5
NUMT_07.003	7	36268889	36270716	-1	NA	ENSG00000229679.1	ENSG00000229679	1
NUMT_07.004	NA	NA	NA	NA	NA	NA	NA	NA
NUMT_07.005	NA	NA	NA	NA	NA	NA	NA	NA
NUMT_07.006	NA	NA	NA	NA	NA	NA	NA	NA
NUMT_07.007	7	57241064	57242069	1	NA	ENSG00000224880.1	ENSG00000224880	1
NUMT_07.008	NA	NA	NA	NA	NA	NA	NA	NA
NUMT_07.009	NA	NA	NA	NA	NA	NA	NA	NA
NUMT_07.010	NA	NA	NA	NA	NA	NA	NA	NA
NUMT_07.011	NA	NA	NA	NA	NA	NA	NA	NA
NUMT_07.012	7	63560683	63611099	1	GUSBP6	ENSG00000224458.3	ENSG00000224458	2
NUMT_07.012	7	63567200	63567950	-1	NA	ENSG00000227035.1	ENSG00000227035	1
NUMT_07.012	7	63568207	63568864	-1	NA	ENSG00000234234.1	ENSG00000234234	1
NUMT_07.013	7	63560683	63611099	1	GUSBP6	ENSG00000224458.3	ENSG00000224458	2
NUMT_07.014	7	63560683	63611099	1	GUSBP6	ENSG00000224458.3	ENSG00000224458	2
NUMT_07.015	NA	NA	NA	NA	NA	NA	NA	NA
NUMT_07.016	7	67556210	67584196	1	NA	ENSG00000236531.2	ENSG00000236531	1
NUMT_07.016	7	67562724	67563237	1	NA	ENSG00000232975.1	ENSG00000232975	1
NUMT_07.017	7	67556210	67584196	1	NA	ENSG00000236531.2	ENSG00000236531	1
NUMT_07.018	7	67615270	67753220	-1	NA	ENSG00000226829.1	ENSG00000226829	1
NUMT_07.018	7	67731306	67731846	-1	MTND4P3	ENSG00000225959.1	ENSG00000225959	1
NUMT_07.019	7	67615270	67753220	-1	NA	ENSG00000226829.1	ENSG00000226829	1
NUMT_07.020	NA	NA	NA	NA	NA	NA	NA	NA
NUMT_07.021	7	68689683	68895909	-1	NA	ENSG00000225718.1	ENSG00000225718	3
NUMT_07.021	7	68795684	68796364	-1	NA	ENSG00000230654.1	ENSG00000230654	1
NUMT_07.022	7	68689683	68895909	-1	NA	ENSG00000225718.1	ENSG00000225718	3
NUMT_07.022	7	68796821	68798619	-1	NA	ENSG00000229031.1	ENSG00000229031	1
NUMT_07.023	7	68689683	68895909	-1	NA	ENSG00000225718.1	ENSG00000225718	3
NUMT_07.023	7	68796821	68798619	-1	NA	ENSG00000229031.1	ENSG00000229031	1
NUMT_07.024	7	68689683	68895909	-1	NA	ENSG00000225718.1	ENSG00000225718	3
NUMT_07.025	7	68689683	68895909	-1	NA	ENSG00000225718.1	ENSG00000225718	3
NUMT_07.026	7	110303110	111202573	-1	IMMP2L	ENSG00000184903.5	ENSG00000184903	11
NUMT_07.027	7	111968244	112049678	-1	NA	ENSG00000226851.1	ENSG00000226851	2
NUMT_07.028	7	115877983	115967950	-1	NA	ENSG00000243243.1	ENSG00000243243	2
NUMT_07.028	7	115878314	116139519	-1	NA	ENSG00000237813.3	ENSG00000237813	2
NUMT_07.028	7	115927434	116148595	1	CAV2	ENSG00000105971.10	ENSG00000105971	15
NUMT_07.029	7	116902972	116904942	-1	NA	ENSG00000230785.2	ENSG00000230785	1
NUMT_07.029	7	116903971	116904442	1	MTND4P6	ENSG00000224042.2	ENSG00000224042	1
NUMT_07.029	7	116904447	116904584	-1	NA	ENSG00000230605.1	ENSG00000230605	1
NUMT_07.030	7	116902972	116904942	-1	NA	ENSG00000230785.2	ENSG00000230785	1
NUMT_07.030	7	116904447	116904584	-1	NA	ENSG00000230605.1	ENSG00000230605	1
NUMT_07.031	7	116902972	116904942	-1	NA	ENSG00000230785.2	ENSG00000230785	1
NUMT_07.032	NA	NA	NA	NA	NA	NA	NA	NA
NUMT_07.033	7	132937829	133751342	1	EXOC4	ENSG00000131558.10	ENSG00000131558	27
NUMT_07.034	7	140774032	141180180	1	TMEM178B	ENSG00000261115.1	ENSG00000261115	2
NUMT_07.035	NA	NA	NA	NA	NA	NA	NA	NA
NUMT_07.036	NA	NA	NA	NA	NA	NA	NA	NA
NUMT_07.037	NA	NA	NA	NA	NA	NA	NA	NA
NUMT_07.038	NA	NA	NA	NA	NA	NA	NA	NA
NUMT_07.039	NA	NA	NA	NA	NA	NA	NA	NA
NUMT_07.040	7	145813453	148118090	1	CNTNAP2	ENSG00000174469.13	ENSG00000174469	5
NUMT_07.041	NA	NA	NA	NA	NA	NA	NA	NA
NUMT_07.042	NA	NA	NA	NA	NA	NA	NA	NA
NUMT_07.043	7	153584182	154685995	1	DPP6	ENSG00000130226.12	ENSG00000130226	15
NUMT_07.044	7	154862034	154877459	1	HTR5A	ENSG00000157219.3	ENSG00000157219	2
NUMT_08.001	8	12940870	13373167	-1	DLC1	ENSG00000164741.10	ENSG00000164741	16
NUMT_08.002	NA	NA	NA	NA	NA	NA	NA	NA
NUMT_08.003	8	18027986	18081198	1	NAT1	ENSG00000171428.9	ENSG00000171428	12
NUMT_08.004	8	18384811	18942240	-1	PSD3	ENSG00000156011.12	ENSG00000156011	18
NUMT_08.005	NA	NA	NA	NA	NA	NA	NA	NA
NUMT_08.006	NA	NA	NA	NA	NA	NA	NA	NA
NUMT_08.007	8	27727399	27850244	-1	SCARA5	ENSG00000168079.12	ENSG00000168079	5
NUMT_08.007	8	27761998	27767827	1	NA	ENSG00000253397.1	ENSG00000253397	1
NUMT_08.008	NA	NA	NA	NA	NA	NA	NA	NA
NUMT_08.009	8	32853696	32902373	1	NA	ENSG00000247134.2	ENSG00000247134	2
NUMT_08.010	8	32853696	32902373	1	NA	ENSG00000247134.2	ENSG00000247134	2
NUMT_08.011	8	32853696	32902373	1	NA	ENSG00000247134.2	ENSG00000247134	2
NUMT_08.011	8	32872779	32874561	1	MTND2P32	ENSG00000254090.1	ENSG00000254090	1
NUMT_08.012	8	32853696	32902373	1	NA	ENSG00000247134.2	ENSG00000247134	2
NUMT_08.013	NA	NA	NA	NA	NA	NA	NA	NA
NUMT_08.014	NA	NA	NA	NA	NA	NA	NA	NA
NUMT_08.015	NA	NA	NA	NA	NA	NA	NA	NA
NUMT_08.016	NA	NA	NA	NA	NA	NA	NA	NA
NUMT_08.017	8	47733859	47765929	1	LINC00293	ENSG00000253314.1	ENSG00000253314	4
NUMT_08.017	8	47738850	47740031	-1	MTND1P7	ENSG00000253828.2	ENSG00000253828	1
NUMT_08.018	8	47733859	47765929	1	LINC00293	ENSG00000253314.1	ENSG00000253314	4
NUMT_08.018	8	47742672	47742778	1	RNU6-656P	ENSG00000252594.1	ENSG00000252594	1
NUMT_08.019	8	47733859	47765929	1	LINC00293	ENSG00000253314.1	ENSG00000253314	4
NUMT_08.020	8	47733859	47765929	1	LINC00293	ENSG00000253314.1	ENSG00000253314	4
NUMT_08.020	8	47750410	47750827	1	MTND6P20	ENSG00000254156.1	ENSG00000254156	1
NUMT_08.021	NA	NA	NA	NA	NA	NA	NA	NA
NUMT_08.022	NA	NA	NA	NA	NA	NA	NA	NA
NUMT_08.023	NA	NA	NA	NA	NA	NA	NA	NA
NUMT_08.024	8	68334360	68658620	-1	CPA6	ENSG00000165078.7	ENSG00000165078	4
NUMT_08.025	8	68334360	68658620	-1	CPA6	ENSG00000165078.7	ENSG00000165078	4
NUMT_08.026	8	68334360	68658620	-1	CPA6	ENSG00000165078.7	ENSG00000165078	4
NUMT_08.027	8	69824038	70016425	-1	NA	ENSG00000253658.1	ENSG00000253658	4
NUMT_08.028	NA	NA	NA	NA	NA	NA	NA	NA
NUMT_08.029	NA	NA	NA	NA	NA	NA	NA	NA
NUMT_08.030	8	77403435	77595513	-1	ZFHX4-AS1	ENSG00000253661.1	ENSG00000253661	5
NUMT_08.031	NA	NA	NA	NA	NA	NA	NA	NA
NUMT_08.032	8	98881068	99048944	1	MATN2	ENSG00000132561.9	ENSG00000132561	18
NUMT_08.033	8	100025494	100889808	1	VPS13B	ENSG00000132549.14	ENSG00000132549	13
NUMT_08.034	NA	NA	NA	NA	NA	NA	NA	NA
NUMT_08.035	NA	NA	NA	NA	NA	NA	NA	NA
NUMT_08.036	NA	NA	NA	NA	NA	NA	NA	NA
NUMT_08.037	NA	NA	NA	NA	NA	NA	NA	NA
NUMT_08.038	8	104101024	104102899	1	NA	ENSG00000253556.1	ENSG00000253556	1
NUMT_08.039	8	104103491	104103737	1	NA	ENSG00000253977.1	ENSG00000253977	1
NUMT_08.040	NA	NA	NA	NA	NA	NA	NA	NA
NUMT_08.041	NA	NA	NA	NA	NA	NA	NA	NA
NUMT_08.042	NA	NA	NA	NA	NA	NA	NA	NA
NUMT_08.043	NA	NA	NA	NA	NA	NA	NA	NA
NUMT_08.044	8	121072019	121384275	1	COL14A1	ENSG00000187955.7	ENSG00000187955	9
NUMT_08.045	8	134467091	134584183	-1	ST3GAL1	ENSG00000008513.10	ENSG00000008513	16
NUMT_08.046	NA	NA	NA	NA	NA	NA	NA	NA
NUMT_08.047	8	140613081	140715299	-1	KCNK9	ENSG00000169427.2	ENSG00000169427	6
NUMT_09.001	9	4985033	5128183	1	JAK2	ENSG00000096968.8	ENSG00000096968	5
NUMT_09.002	9	4985033	5128183	1	JAK2	ENSG00000096968.8	ENSG00000096968	5
NUMT_09.002	9	5098341	5099325	1	NA	ENSG00000235917.1	ENSG00000235917	1
NUMT_09.002	9	5099560	5100229	1	NA	ENSG00000228097.1	ENSG00000228097	1
NUMT_09.003	9	4985033	5128183	1	JAK2	ENSG00000096968.8	ENSG00000096968	5
NUMT_09.004	9	4985033	5128183	1	JAK2	ENSG00000096968.8	ENSG00000096968	5
NUMT_09.004	9	5110913	5112849	1	NA	ENSG00000236567.2	ENSG00000236567	1
NUMT_09.005	NA	NA	NA	NA	NA	NA	NA	NA
NUMT_09.006	9	18473892	18910948	1	ADAMTSL1	ENSG00000178031.11	ENSG00000178031	14
NUMT_09.007	NA	NA	NA	NA	NA	NA	NA	NA
NUMT_09.008	NA	NA	NA	NA	NA	NA	NA	NA
NUMT_09.009	9	33817565	33920402	1	UBE2R2	ENSG00000107341.4	ENSG00000107341	1
NUMT_09.010	NA	NA	NA	NA	NA	NA	NA	NA
NUMT_09.011	NA	NA	NA	NA	NA	NA	NA	NA
NUMT_09.012	NA	NA	NA	NA	NA	NA	NA	NA
NUMT_09.013	9	69749821	69750173	-1	NA	ENSG00000235932.2	ENSG00000235932	1
NUMT_09.014	9	70113593	70124467	-1	NA	ENSG00000236252.2	ENSG00000236252	2
NUMT_09.015	9	70366921	70367319	-1	NA	ENSG00000237904.2	ENSG00000237904	1
NUMT_09.016	9	80331003	80646374	-1	GNAQ	ENSG00000156052.6	ENSG00000156052	3
NUMT_09.017	NA	NA	NA	NA	NA	NA	NA	NA
NUMT_09.018	NA	NA	NA	NA	NA	NA	NA	NA
NUMT_09.019	NA	NA	NA	NA	NA	NA	NA	NA
NUMT_09.020	NA	NA	NA	NA	NA	NA	NA	NA
NUMT_09.021	NA	NA	NA	NA	NA	NA	NA	NA
NUMT_09.022	NA	NA	NA	NA	NA	NA	NA	NA
NUMT_09.023	9	84887671	85179347	1	NA	ENSG00000228430.4	ENSG00000228430	16
NUMT_09.024	NA	NA	NA	NA	NA	NA	NA	NA
NUMT_09.025	9	94794281	94877666	-1	SPTLC1	ENSG00000090054.9	ENSG00000090054	7
NUMT_09.025	9	94871295	94872377	1	NA	ENSG00000228069.1	ENSG00000228069	1
NUMT_09.025	9	94872450	94872796	1	NA	ENSG00000238288.1	ENSG00000238288	1
NUMT_09.025	9	94872857	94873150	1	NA	ENSG00000240791.1	ENSG00000240791	1
NUMT_09.026	9	94794281	94877666	-1	SPTLC1	ENSG00000090054.9	ENSG00000090054	7
NUMT_09.026	9	94873147	94874179	1	MTND4P15	ENSG00000227321.2	ENSG00000227321	1
NUMT_09.027	9	95087766	95382815	1	CENPP	ENSG00000188312.9	ENSG00000188312	3
NUMT_09.028	9	98637983	98776842	1	ERCC6L2	ENSG00000182150.11	ENSG00000182150	10
NUMT_09.029	NA	NA	NA	NA	NA	NA	NA	NA
NUMT_09.030	NA	NA	NA	NA	NA	NA	NA	NA
NUMT_09.031	9	111934255	112083244	-1	EPB41L4B	ENSG00000095203.10	ENSG00000095203	2
NUMT_09.031	9	112062466	112063452	1	MTND2P11	ENSG00000237124.1	ENSG00000237124	1
NUMT_09.032	9	111934255	112083244	-1	EPB41L4B	ENSG00000095203.10	ENSG00000095203	2
NUMT_09.033	9	132596977	132644107	1	USP20	ENSG00000136878.8	ENSG00000136878	9
NUMT_09.034	9	136271186	136283164	-1	REXO4	ENSG00000148300.7	ENSG00000148300	6
NUMT_09.034	9	136279478	136324508	1	ADAMTS13	ENSG00000160323.14	ENSG00000160323	10
NUMT_10.001	NA	NA	NA	NA	NA	NA	NA	NA
NUMT_10.002	10	19492779	20079330	1	MALRD1	ENSG00000204740.5	ENSG00000204740	8
NUMT_10.002	10	20036752	20037550	1	MTND2P16	ENSG00000230818.1	ENSG00000230818	1
NUMT_10.003	10	19492779	20079330	1	MALRD1	ENSG00000204740.5	ENSG00000204740	8
NUMT_10.003	10	20036752	20037550	1	MTND2P16	ENSG00000230818.1	ENSG00000230818	1
NUMT_10.004	10	19492779	20079330	1	MALRD1	ENSG00000204740.5	ENSG00000204740	8
NUMT_10.005	10	21068902	21463116	-1	NEBL	ENSG00000078114.14	ENSG00000078114	14
NUMT_10.006	10	21068902	21463116	-1	NEBL	ENSG00000078114.14	ENSG00000078114	14
NUMT_10.007	NA	NA	NA	NA	NA	NA	NA	NA
NUMT_10.008	NA	NA	NA	NA	NA	NA	NA	NA
NUMT_10.009	10	28064115	28287977	-1	ARMC4	ENSG00000169126.11	ENSG00000169126	9
NUMT_10.010	NA	NA	NA	NA	NA	NA	NA	NA
NUMT_10.011	10	33247773	33371030	1	NA	ENSG00000229656.2	ENSG00000229656	2
NUMT_10.011	10	33312296	33312575	-1	NA	ENSG00000234163.1	ENSG00000234163	1
NUMT_10.012	NA	NA	NA	NA	NA	NA	NA	NA
NUMT_10.013	NA	NA	NA	NA	NA	NA	NA	NA
NUMT_10.014	NA	NA	NA	NA	NA	NA	NA	NA
NUMT_10.015	10	39055226	39055622	-1	NA	ENSG00000227679.1	ENSG00000227679	1
NUMT_10.016	NA	NA	NA	NA	NA	NA	NA	NA
NUMT_10.017	NA	NA	NA	NA	NA	NA	NA	NA
NUMT_10.018	NA	NA	NA	NA	NA	NA	NA	NA
NUMT_10.019	NA	NA	NA	NA	NA	NA	NA	NA
NUMT_10.020	10	55562531	57387702	-1	PCDH15	ENSG00000150275.13	ENSG00000150275	23
NUMT_10.020	10	57358750	57360488	1	MTRNR2L5	ENSG00000249860.2	ENSG00000249860	1
NUMT_10.021	10	55562531	57387702	-1	PCDH15	ENSG00000150275.13	ENSG00000150275	23
NUMT_10.022	10	70883268	70932617	1	VPS26A	ENSG00000122958.10	ENSG00000122958	11
NUMT_10.023	10	71353797	71354688	-1	MTND2P15	ENSG00000231152.1	ENSG00000231152	1
NUMT_10.024	10	71355243	71356192	-1	MTND1P20	ENSG00000226794.1	ENSG00000226794	1
NUMT_10.025	NA	NA	NA	NA	NA	NA	NA	NA
NUMT_10.026	10	81142081	81205383	-1	ZCCHC24	ENSG00000165424.6	ENSG00000165424	2
NUMT_10.027	NA	NA	NA	NA	NA	NA	NA	NA
NUMT_10.028	10	96447911	96613017	1	CYP2C19	ENSG00000165841.5	ENSG00000165841	3
NUMT_10.029	10	96698415	96749147	1	CYP2C9	ENSG00000138109.9	ENSG00000138109	3
NUMT_10.030	10	98353069	98480271	-1	PIK3AP1	ENSG00000155629.10	ENSG00000155629	6
NUMT_10.031	10	101801950	101841634	-1	CPN1	ENSG00000120054.7	ENSG00000120054	2
NUMT_10.032	10	114648494	114665870	1	NA	ENSG00000225292.2	ENSG00000225292	1
NUMT_10.033	10	121588972	121652068	-1	MCMBP	ENSG00000197771.8	ENSG00000197771	5
NUMT_10.034	10	127477146	127511817	-1	UROS	ENSG00000188690.8	ENSG00000188690	10
NUMT_10.035	10	131930034	131930505	-1	PPIAP32	ENSG00000233319.1	ENSG00000233319	1
NUMT_11.001	11	6502715	6530208	1	NA	ENSG00000265264.1	ENSG00000265264	2
NUMT_11.001	11	6518490	6614988	1	DNHD1	ENSG00000179532.8	ENSG00000179532	20
NUMT_11.002	NA	NA	NA	NA	NA	NA	NA	NA
NUMT_11.003	11	11261306	11261827	1	MTND5P21	ENSG00000255123.1	ENSG00000255123	1
NUMT_11.004	11	31531297	31805546	1	ELP4	ENSG00000109911.13	ENSG00000109911	4
NUMT_11.005	NA	NA	NA	NA	NA	NA	NA	NA
NUMT_11.006	NA	NA	NA	NA	NA	NA	NA	NA
NUMT_11.007	NA	NA	NA	NA	NA	NA	NA	NA
NUMT_11.008	11	47290712	47351582	1	MADD	ENSG00000110514.14	ENSG00000110514	22
NUMT_11.009	NA	NA	NA	NA	NA	NA	NA	NA
NUMT_11.010	NA	NA	NA	NA	NA	NA	NA	NA
NUMT_11.011	NA	NA	NA	NA	NA	NA	NA	NA
NUMT_11.012	11	63952744	63972015	1	STIP1	ENSG00000168439.12	ENSG00000168439	12
NUMT_11.013	11	73111532	73309234	-1	FAM168A	ENSG00000054965.6	ENSG00000054965	4
NUMT_11.014	11	74204896	74380162	1	POLD3	ENSG00000077514.4	ENSG00000077514	10
NUMT_11.015	11	76927603	77012732	-1	GDPD4	ENSG00000178795.5	ENSG00000178795	6
NUMT_11.016	11	77225981	77348850	-1	CLNS1A	ENSG00000074201.4	ENSG00000074201	12
NUMT_11.016	11	77300436	77321400	1	AQP11	ENSG00000178301.3	ENSG00000178301	2
NUMT_11.017	NA	NA	NA	NA	NA	NA	NA	NA
NUMT_11.018	11	87525927	87527049	-1	NA	ENSG00000254650.1	ENSG00000254650	1
NUMT_11.019	11	87525927	87527049	-1	NA	ENSG00000254650.1	ENSG00000254650	1
NUMT_11.020	NA	NA	NA	NA	NA	NA	NA	NA
NUMT_11.021	NA	NA	NA	NA	NA	NA	NA	NA
NUMT_11.022	NA	NA	NA	NA	NA	NA	NA	NA
NUMT_11.023	11	89831589	89831985	-1	NA	ENSG00000254436.1	ENSG00000254436	1
NUMT_11.024	11	102980160	103350591	1	DYNC2H1	ENSG00000187240.9	ENSG00000187240	9
NUMT_11.025	11	102980160	103350591	1	DYNC2H1	ENSG00000187240.9	ENSG00000187240	9
NUMT_11.026	NA	NA	NA	NA	NA	NA	NA	NA
NUMT_11.027	NA	NA	NA	NA	NA	NA	NA	NA
NUMT_11.028	11	122943035	123065989	-1	CLMP	ENSG00000166250.7	ENSG00000166250	4
NUMT_11.029	NA	NA	NA	NA	NA	NA	NA	NA
NUMT_11.030	11	125773142	125808811	-1	NA	ENSG00000255027.2	ENSG00000255027	2
NUMT_11.030	11	125773271	125793158	1	DDX25	ENSG00000109832.8	ENSG00000109832	8
NUMT_11.031	NA	NA	NA	NA	NA	NA	NA	NA
NUMT_12.001	NA	NA	NA	NA	NA	NA	NA	NA
NUMT_12.002	NA	NA	NA	NA	NA	NA	NA	NA
NUMT_12.003	NA	NA	NA	NA	NA	NA	NA	NA
NUMT_12.004	NA	NA	NA	NA	NA	NA	NA	NA
NUMT_12.005	NA	NA	NA	NA	NA	NA	NA	NA
NUMT_12.006	12	9550951	9567447	-1	NA	ENSG00000256673.1	ENSG00000256673	1
NUMT_12.007	NA	NA	NA	NA	NA	NA	NA	NA
NUMT_12.008	12	26490342	26986131	-1	ITPR2	ENSG00000123104.7	ENSG00000123104	10
NUMT_12.009	NA	NA	NA	NA	NA	NA	NA	NA
NUMT_12.010	NA	NA	NA	NA	NA	NA	NA	NA
NUMT_12.011	NA	NA	NA	NA	NA	NA	NA	NA
NUMT_12.012	NA	NA	NA	NA	NA	NA	NA	NA
NUMT_12.013	12	40590546	40763087	1	LRRK2	ENSG00000188906.9	ENSG00000188906	7
NUMT_12.014	12	41582250	41968392	1	PDZRN4	ENSG00000165966.10	ENSG00000165966	4
NUMT_12.015	NA	NA	NA	NA	NA	NA	NA	NA
NUMT_12.016	12	50184929	50222533	-1	NCKAP5L	ENSG00000167566.12	ENSG00000167566	5
NUMT_12.017	12	63037762	63328817	-1	PPM1H	ENSG00000111110.7	ENSG00000111110	5
NUMT_12.018	12	108523248	108644314	1	WSCD2	ENSG00000075035.5	ENSG00000075035	14
NUMT_12.019	NA	NA	NA	NA	NA	NA	NA	NA
NUMT_12.020	NA	NA	NA	NA	NA	NA	NA	NA
NUMT_12.021	NA	NA	NA	NA	NA	NA	NA	NA
NUMT_12.022	NA	NA	NA	NA	NA	NA	NA	NA
NUMT_12.023	NA	NA	NA	NA	NA	NA	NA	NA
NUMT_12.024	NA	NA	NA	NA	NA	NA	NA	NA
NUMT_12.025	NA	NA	NA	NA	NA	NA	NA	NA
NUMT_12.026	NA	NA	NA	NA	NA	NA	NA	NA
NUMT_12.027	NA	NA	NA	NA	NA	NA	NA	NA
NUMT_12.028	NA	NA	NA	NA	NA	NA	NA	NA
NUMT_12.029	NA	NA	NA	NA	NA	NA	NA	NA
NUMT_12.030	NA	NA	NA	NA	NA	NA	NA	NA
NUMT_12.031	NA	NA	NA	NA	NA	NA	NA	NA
NUMT_12.032	NA	NA	NA	NA	NA	NA	NA	NA
NUMT_12.033	NA	NA	NA	NA	NA	NA	NA	NA
NUMT_12.034	NA	NA	NA	NA	NA	NA	NA	NA
NUMT_12.035	NA	NA	NA	NA	NA	NA	NA	NA
NUMT_12.036	NA	NA	NA	NA	NA	NA	NA	NA
NUMT_12.037	NA	NA	NA	NA	NA	NA	NA	NA
NUMT_12.038	NA	NA	NA	NA	NA	NA	NA	NA
NUMT_12.039	NA	NA	NA	NA	NA	NA	NA	NA
NUMT_12.040	NA	NA	NA	NA	NA	NA	NA	NA
NUMT_12.041	NA	NA	NA	NA	NA	NA	NA	NA
NUMT_12.042	NA	NA	NA	NA	NA	NA	NA	NA
NUMT_13.001	NA	NA	NA	NA	NA	NA	NA	NA
NUMT_13.002	13	24304328	24463558	-1	MIPEP	ENSG00000027001.7	ENSG00000027001	5
NUMT_13.002	13	24340073	24340243	-1	MTCO3P2	ENSG00000232102.1	ENSG00000232102	1
NUMT_13.003	13	24304328	24463558	-1	MIPEP	ENSG00000027001.7	ENSG00000027001	5
NUMT_13.004	13	32605437	32870794	1	FRY	ENSG00000073910.15	ENSG00000073910	7
NUMT_13.005	13	36345478	36705443	-1	DCLK1	ENSG00000133083.10	ENSG00000133083	7
NUMT_13.006	13	41303432	41345309	-1	MRPS31	ENSG00000102738.6	ENSG00000102738	4
NUMT_13.007	NA	NA	NA	NA	NA	NA	NA	NA
NUMT_13.008	NA	NA	NA	NA	NA	NA	NA	NA
NUMT_13.009	NA	NA	NA	NA	NA	NA	NA	NA
NUMT_13.010	NA	NA	NA	NA	NA	NA	NA	NA
NUMT_13.011	NA	NA	NA	NA	NA	NA	NA	NA
NUMT_13.012	NA	NA	NA	NA	NA	NA	NA	NA
NUMT_13.013	13	76123619	76180085	1	UCHL3	ENSG00000118939.13	ENSG00000118939	5
NUMT_13.013	13	76123909	76381256	1	NA	ENSG00000261553.1	ENSG00000261553	2
NUMT_13.014	13	85095860	85098050	1	MTND5P3	ENSG00000232447.1	ENSG00000232447	1
NUMT_13.015	NA	NA	NA	NA	NA	NA	NA	NA
NUMT_13.016	NA	NA	NA	NA	NA	NA	NA	NA
NUMT_13.017	13	96329393	96447243	1	DNAJC3	ENSG00000102580.10	ENSG00000102580	2
NUMT_13.017	13	96344792	96346226	1	MTND5P2	ENSG00000229622.1	ENSG00000229622	1
NUMT_13.018	13	96329393	96447243	1	DNAJC3	ENSG00000102580.10	ENSG00000102580	2
NUMT_13.019	13	96329393	96447243	1	DNAJC3	ENSG00000102580.10	ENSG00000102580	2
NUMT_13.020	13	96743093	97485671	1	HS6ST3	ENSG00000185352.7	ENSG00000185352	1
NUMT_13.021	NA	NA	NA	NA	NA	NA	NA	NA
NUMT_13.022	NA	NA	NA	NA	NA	NA	NA	NA
NUMT_14.001	14	23881947	23904927	-1	MYH7	ENSG00000092054.12	ENSG00000092054	1
NUMT_14.002	14	32798479	33300567	1	AKAP6	ENSG00000151320.6	ENSG00000151320	15
NUMT_14.003	14	51921230	52066670	-1	FRMD6-AS2	ENSG00000258537.1	ENSG00000258537	2
NUMT_14.003	14	51955818	52197445	1	FRMD6	ENSG00000139926.11	ENSG00000139926	18
NUMT_14.004	NA	NA	NA	NA	NA	NA	NA	NA
NUMT_14.005	14	84639185	84639950	1	NA	ENSG00000258762.1	ENSG00000258762	1
NUMT_14.005	14	84640135	84641854	1	NA	ENSG00000258923.2	ENSG00000258923	1
NUMT_14.006	14	84640135	84641854	1	NA	ENSG00000258923.2	ENSG00000258923	1
NUMT_14.007	14	84642763	84643432	1	NA	ENSG00000259012.2	ENSG00000259012	1
NUMT_14.008	NA	NA	NA	NA	NA	NA	NA	NA
NUMT_14.009	14	95648277	95786243	-1	CLMN	ENSG00000165959.7	ENSG00000165959	9
NUMT_15.001	15	34671269	34880704	-1	GOLGA8A	ENSG00000175265.13	ENSG00000175265	7
NUMT_15.002	15	34671269	34880704	-1	GOLGA8A	ENSG00000175265.13	ENSG00000175265	7
NUMT_15.002	15	34817408	34880704	-1	GOLGA8B	ENSG00000215252.7	ENSG00000215252	12
NUMT_15.003	15	35509546	35838394	-1	DPH6	ENSG00000134146.7	ENSG00000134146	9
NUMT_15.004	15	39157523	39719396	-1	NA	ENSG00000259345.1	ENSG00000259345	6
NUMT_15.005	NA	NA	NA	NA	NA	NA	NA	NA
NUMT_15.006	NA	NA	NA	NA	NA	NA	NA	NA
NUMT_15.007	NA	NA	NA	NA	NA	NA	NA	NA
NUMT_15.008	15	48700503	48938046	-1	FBN1	ENSG00000166147.9	ENSG00000166147	8
NUMT_15.009	NA	NA	NA	NA	NA	NA	NA	NA
NUMT_15.010	15	58245622	58790065	-1	ALDH1A2	ENSG00000128918.10	ENSG00000128918	25
NUMT_15.010	15	58430368	58478110	1	AQP9	ENSG00000103569.5	ENSG00000103569	4
NUMT_15.010	15	58443232	58444712	1	NA	ENSG00000259600.2	ENSG00000259600	1
NUMT_15.011	15	58245622	58790065	-1	ALDH1A2	ENSG00000128918.10	ENSG00000128918	25
NUMT_15.011	15	58430368	58478110	1	AQP9	ENSG00000103569.5	ENSG00000103569	4
NUMT_15.011	15	58444805	58446606	1	NA	ENSG00000259379.1	ENSG00000259379	1
NUMT_15.012	15	58245622	58790065	-1	ALDH1A2	ENSG00000128918.10	ENSG00000128918	25
NUMT_15.012	15	58430368	58478110	1	AQP9	ENSG00000103569.5	ENSG00000103569	4
NUMT_15.013	15	67278699	67351591	-1	NA	ENSG00000259347.1	ENSG00000259347	3
NUMT_15.014	15	88418230	88799999	-1	NTRK3	ENSG00000140538.12	ENSG00000140538	20
NUMT_16.001	16	3415099	3536960	1	NA	ENSG00000262621.2	ENSG00000262621	5
NUMT_16.001	16	3419957	3420906	-1	NA	ENSG00000263177.1	ENSG00000263177	1
NUMT_16.002	16	3415099	3536960	1	NA	ENSG00000262621.2	ENSG00000262621	5
NUMT_16.002	16	3421053	3422283	-1	MTRNR2L4	ENSG00000232196.2	ENSG00000232196	1
NUMT_16.003	16	3415099	3536960	1	NA	ENSG00000262621.2	ENSG00000262621	5
NUMT_16.004	16	3415099	3536960	1	NA	ENSG00000262621.2	ENSG00000262621	5
NUMT_16.005	16	6069095	7763340	1	RBFOX1	ENSG00000078328.15	ENSG00000078328	20
NUMT_16.006	16	10813872	10815321	-1	NA	ENSG00000261904.1	ENSG00000261904	1
NUMT_16.007	NA	NA	NA	NA	NA	NA	NA	NA
NUMT_16.008	NA	NA	NA	NA	NA	NA	NA	NA
NUMT_16.009	16	20621565	20808903	1	ACSM3	ENSG00000005187.7	ENSG00000005187	15
NUMT_16.010	NA	NA	NA	NA	NA	NA	NA	NA
NUMT_16.011	16	69389464	69442474	-1	TERF2	ENSG00000132604.6	ENSG00000132604	13
NUMT_16.012	16	70695107	70719969	-1	MTSS1L	ENSG00000132613.10	ENSG00000132613	3
NUMT_16.013	16	82077941	82173236	-1	NA	ENSG00000261235.1	ENSG00000261235	2
NUMT_16.013	16	82154243	82155374	-1	NA	ENSG00000260161.1	ENSG00000260161	1
NUMT_16.014	16	82077941	82173236	-1	NA	ENSG00000261235.1	ENSG00000261235	2
NUMT_16.015	16	82660408	83830204	1	CDH13	ENSG00000140945.11	ENSG00000140945	15
NUMT_17.001	17	18853658	18925908	1	SLC5A10	ENSG00000154025.11	ENSG00000154025	7
NUMT_17.001	17	18872102	18908117	-1	FAM83G	ENSG00000188522.10	ENSG00000188522	5
NUMT_17.002	17	18853658	18925908	1	SLC5A10	ENSG00000154025.11	ENSG00000154025	7
NUMT_17.002	17	18872102	18908117	-1	FAM83G	ENSG00000188522.10	ENSG00000188522	5
NUMT_17.003	17	19463424	19501235	-1	NA	ENSG00000262769.1	ENSG00000262769	1
NUMT_17.004	17	19504173	19504658	1	NA	ENSG00000266179.2	ENSG00000266179	1
NUMT_17.005	17	19504173	19504658	1	NA	ENSG00000266179.2	ENSG00000266179	1
NUMT_17.005	17	19505153	19505569	1	NA	ENSG00000271900.1	ENSG00000271900	1
NUMT_17.006	17	19505153	19505569	1	NA	ENSG00000271900.1	ENSG00000271900	1
NUMT_17.006	17	19505572	19506521	1	MTND1P14	ENSG00000227225.1	ENSG00000227225	1
NUMT_17.007	17	19507110	19508361	1	MTND2P12	ENSG00000228725.3	ENSG00000228725	1
NUMT_17.008	17	19507110	19508361	1	MTND2P12	ENSG00000228725.3	ENSG00000228725	1
NUMT_17.009	NA	NA	NA	NA	NA	NA	NA	NA
NUMT_17.010	17	19641297	19652256	-1	ALDH3A1	ENSG00000108602.13	ENSG00000108602	17
NUMT_17.011	NA	NA	NA	NA	NA	NA	NA	NA
NUMT_17.012	NA	NA	NA	NA	NA	NA	NA	NA
NUMT_17.013	NA	NA	NA	NA	NA	NA	NA	NA
NUMT_17.014	NA	NA	NA	NA	NA	NA	NA	NA
NUMT_17.015	17	27277531	27384234	1	PIPOX	ENSG00000179761.7	ENSG00000179761	10
NUMT_17.015	17	27281919	27333458	-1	SEZ6	ENSG00000063015.15	ENSG00000063015	10
NUMT_17.016	17	33905065	34053436	1	AP2B1	ENSG00000006125.12	ENSG00000006125	19
NUMT_17.017	17	42030106	42081837	-1	PYY	ENSG00000131096.6	ENSG00000131096	2
NUMT_17.018	NA	NA	NA	NA	NA	NA	NA	NA
NUMT_17.019	17	52976748	53039310	1	TOM1L1	ENSG00000141198.9	ENSG00000141198	24
NUMT_17.020	17	58754814	59470199	1	BCAS3	ENSG00000141376.16	ENSG00000141376	32
NUMT_17.021	17	61086917	61505060	1	TANC2	ENSG00000170921.10	ENSG00000170921	10
NUMT_17.021	17	61458592	61491673	-1	NA	ENSG00000226797.1	ENSG00000226797	1
NUMT_17.021	17	61468552	61508450	-1	NA	ENSG00000263644.1	ENSG00000263644	1
NUMT_17.022	17	66863433	66951533	-1	ABCA8	ENSG00000141338.9	ENSG00000141338	14
NUMT_17.023	17	78518619	78940171	1	RPTOR	ENSG00000141564.9	ENSG00000141564	12
NUMT_18.001	NA	NA	NA	NA	NA	NA	NA	NA
NUMT_18.002	18	14137709	14139271	1	NA	ENSG00000267704.1	ENSG00000267704	1
NUMT_18.003	18	45357922	45457515	-1	SMAD2	ENSG00000175387.11	ENSG00000175387	12
NUMT_18.004	18	48086448	48258194	1	MAPK4	ENSG00000141639.7	ENSG00000141639	6
NUMT_18.004	18	48195880	48196585	1	NA	ENSG00000267713.1	ENSG00000267713	1
NUMT_18.005	18	59475296	59561480	-1	RNF152	ENSG00000176641.6	ENSG00000176641	4
NUMT_18.006	18	61771325	62090836	1	NA	ENSG00000267134.1	ENSG00000267134	1
NUMT_18.006	18	61814443	61826533	1	NA	ENSG00000236392.2	ENSG00000236392	2
NUMT_19.001	19	12203078	12225491	1	NA	ENSG00000188474.6	ENSG00000188474	2
NUMT_19.001	19	12203078	12248050	1	ZNF788	ENSG00000214189.4	ENSG00000214189	6
NUMT_19.001	19	12203658	12251222	-1	ZNF20	ENSG00000132010.11	ENSG00000132010	8
NUMT_19.001	19	12207239	12207730	1	RSL24D1P8	ENSG00000237273.1	ENSG00000237273	1
NUMT_19.002	19	12203078	12225491	1	NA	ENSG00000188474.6	ENSG00000188474	2
NUMT_19.002	19	12203078	12248050	1	ZNF788	ENSG00000214189.4	ENSG00000214189	6
NUMT_19.002	19	12203658	12251222	-1	ZNF20	ENSG00000132010.11	ENSG00000132010	8
NUMT_19.003	19	12305830	12348582	1	NA	ENSG00000234773.2	ENSG00000234773	4
NUMT_19.004	19	12571998	12624668	-1	ZNF709	ENSG00000242852.2	ENSG00000242852	3
NUMT_19.004	19	12572373	12662288	-1	NA	ENSG00000196826.7	ENSG00000196826	1
NUMT_19.004	19	12613489	12614920	1	NA	ENSG00000236483.1	ENSG00000236483	1
NUMT_19.004	19	12615479	12615704	1	NA	ENSG00000232579.1	ENSG00000232579	1
NUMT_19.005	19	12571998	12624668	-1	ZNF709	ENSG00000242852.2	ENSG00000242852	3
NUMT_19.005	19	12572373	12662288	-1	NA	ENSG00000196826.7	ENSG00000196826	1
NUMT_19.005	19	12617063	12618844	1	NA	ENSG00000234003.1	ENSG00000234003	1
NUMT_19.006	19	12571998	12624668	-1	ZNF709	ENSG00000242852.2	ENSG00000242852	3
NUMT_19.006	19	12572373	12662288	-1	NA	ENSG00000196826.7	ENSG00000196826	1
NUMT_19.006	19	12618943	12619077	1	PPIAP20	ENSG00000235686.1	ENSG00000235686	1
NUMT_19.007	19	28175488	28284848	-1	LINC00662	ENSG00000261824.2	ENSG00000261824	9
NUMT_19.008	NA	NA	NA	NA	NA	NA	NA	NA
NUMT_19.009	19	38039816	38078249	1	ZNF571-AS1	ENSG00000267470.1	ENSG00000267470	12
NUMT_19.009	19	38042308	38104998	1	ZNF540	ENSG00000171817.12	ENSG00000171817	10
NUMT_19.009	19	38045684	38085673	-1	ZNF571	ENSG00000180479.9	ENSG00000180479	6
NUMT_19.010	19	38039816	38078249	1	ZNF571-AS1	ENSG00000267470.1	ENSG00000267470	12
NUMT_19.010	19	38042308	38104998	1	ZNF540	ENSG00000171817.12	ENSG00000171817	10
NUMT_19.010	19	38045684	38085673	-1	ZNF571	ENSG00000180479.9	ENSG00000180479	6
NUMT_19.011	19	38039816	38078249	1	ZNF571-AS1	ENSG00000267470.1	ENSG00000267470	12
NUMT_19.011	19	38042308	38104998	1	ZNF540	ENSG00000171817.12	ENSG00000171817	10
NUMT_19.011	19	38045684	38085673	-1	ZNF571	ENSG00000180479.9	ENSG00000180479	6
NUMT_19.012	19	38039816	38078249	1	ZNF571-AS1	ENSG00000267470.1	ENSG00000267470	12
NUMT_19.012	19	38042308	38104998	1	ZNF540	ENSG00000171817.12	ENSG00000171817	10
NUMT_19.012	19	38045684	38085673	-1	ZNF571	ENSG00000180479.9	ENSG00000180479	6
NUMT_19.013	19	38039816	38078249	1	ZNF571-AS1	ENSG00000267470.1	ENSG00000267470	12
NUMT_19.013	19	38042308	38104998	1	ZNF540	ENSG00000171817.12	ENSG00000171817	10
NUMT_19.013	19	38045684	38085673	-1	ZNF571	ENSG00000180479.9	ENSG00000180479	6
NUMT_19.014	19	38039816	38078249	1	ZNF571-AS1	ENSG00000267470.1	ENSG00000267470	12
NUMT_19.014	19	38042308	38104998	1	ZNF540	ENSG00000171817.12	ENSG00000171817	10
NUMT_19.014	19	38045684	38085673	-1	ZNF571	ENSG00000180479.9	ENSG00000180479	6
NUMT_19.015	19	38039816	38078249	1	ZNF571-AS1	ENSG00000267470.1	ENSG00000267470	12
NUMT_19.015	19	38042308	38104998	1	ZNF540	ENSG00000171817.12	ENSG00000171817	10
NUMT_19.015	19	38045684	38085673	-1	ZNF571	ENSG00000180479.9	ENSG00000180479	6
NUMT_19.016	19	42590263	42700737	-1	POU2F2	ENSG00000028277.16	ENSG00000028277	19
NUMT_19.017	19	44645710	44663156	1	ZNF234	ENSG00000263002.3	ENSG00000263002	4
NUMT_19.018	19	57202054	57311014	1	NA	ENSG00000269793.1	ENSG00000269793	5
NUMT_19.019	19	57202054	57311014	1	NA	ENSG00000269793.1	ENSG00000269793	5
NUMT_19.020	NA	NA	NA	NA	NA	NA	NA	NA
NUMT_20.001	NA	NA	NA	NA	NA	NA	NA	NA
NUMT_20.002	NA	NA	NA	NA	NA	NA	NA	NA
NUMT_20.003	20	5931298	5975852	1	MCM8	ENSG00000125885.9	ENSG00000125885	4
NUMT_20.004	20	9049410	9461889	1	PLCB4	ENSG00000101333.12	ENSG00000101333	14
NUMT_20.005	NA	NA	NA	NA	NA	NA	NA	NA
NUMT_20.006	NA	NA	NA	NA	NA	NA	NA	NA
NUMT_20.007	NA	NA	NA	NA	NA	NA	NA	NA
NUMT_20.008	20	55926066	55954267	1	RAE1	ENSG00000101146.8	ENSG00000101146	9
NUMT_20.009	20	58662895	59102516	1	NA	ENSG00000228340.1	ENSG00000228340	11
NUMT_21.001	NA	NA	NA	NA	NA	NA	NA	NA
NUMT_21.002	NA	NA	NA	NA	NA	NA	NA	NA
NUMT_21.003	NA	NA	NA	NA	NA	NA	NA	NA
NUMT_21.004	NA	NA	NA	NA	NA	NA	NA	NA
NUMT_21.005	NA	NA	NA	NA	NA	NA	NA	NA
NUMT_21.006	NA	NA	NA	NA	NA	NA	NA	NA
NUMT_21.007	21	17442842	17999716	1	LINC00478	ENSG00000215386.6	ENSG00000215386	19
NUMT_21.008	21	26212864	26430059	1	NA	ENSG00000226983.2	ENSG00000226983	1
NUMT_21.009	21	36160098	37376965	-1	RUNX1	ENSG00000159216.14	ENSG00000159216	19
NUMT_21.010	21	40928369	41045064	1	B3GALT5	ENSG00000183778.13	ENSG00000183778	5
NUMT_21.010	21	40969074	40984748	-1	C21orf88	ENSG00000184809.8	ENSG00000184809	4
NUMT_21.011	21	43824008	43867791	1	UBASH3A	ENSG00000160185.9	ENSG00000160185	5
NUMT_21.012	21	45889812	45892399	-1	NA	ENSG00000224747.1	ENSG00000224747	1
NUMT_21.013	21	45892778	45893622	1	MTND6P21	ENSG00000223431.1	ENSG00000223431	1
NUMT_21.014	21	45892778	45893622	1	MTND6P21	ENSG00000223431.1	ENSG00000223431	1
NUMT_21.014	21	45893606	45894980	-1	MTND5P1	ENSG00000227999.1	ENSG00000227999	1
NUMT_21.015	21	45893606	45894980	-1	MTND5P1	ENSG00000227999.1	ENSG00000227999	1
NUMT_21.016	21	45893606	45894980	-1	MTND5P1	ENSG00000227999.1	ENSG00000227999	1
NUMT_21.017	NA	NA	NA	NA	NA	NA	NA	NA
NUMT_21.018	NA	NA	NA	NA	NA	NA	NA	NA
NUMT_22.001	22	17357442	17357792	-1	NA	ENSG00000237358.1	ENSG00000237358	1
NUMT_22.002	22	24347904	24349416	1	MTND1P13	ENSG00000232014.1	ENSG00000232014	1
NUMT_22.002	22	24348440	24348799	1	EIF4EBP1P2	ENSG00000229513.1	ENSG00000229513	1
NUMT_22.003	22	24350068	24352081	-1	NA	ENSG00000224676.1	ENSG00000224676	2
NUMT_22.004	22	32908539	33454358	-1	SYN3	ENSG00000185666.10	ENSG00000185666	12
NUMT_22.005	22	36134783	36424473	-1	RBFOX2	ENSG00000100320.18	ENSG00000100320	14
NUMT_22.006	22	36568982	36569996	1	NA	ENSG00000231576.1	ENSG00000231576	1
NUMT_22.007	22	36570309	36570870	1	NA	ENSG00000237948.1	ENSG00000237948	1
NUMT_22.007	22	36571215	36571902	1	NA	ENSG00000225557.1	ENSG00000225557	1
NUMT_22.008	22	36571905	36572574	1	NA	ENSG00000237129.1	ENSG00000237129	1
NUMT_22.009	22	36571905	36572574	1	NA	ENSG00000237129.1	ENSG00000237129	1
NUMT_22.010	NA	NA	NA	NA	NA	NA	NA	NA
NUMT_22.011	NA	NA	NA	NA	NA	NA	NA	NA
NUMT_22.012	22	36574602	36575433	1	MTND1P10	ENSG00000229088.1	ENSG00000229088	1
NUMT_22.013	22	36574602	36575433	1	MTND1P10	ENSG00000229088.1	ENSG00000229088	1
NUMT_22.014	NA	NA	NA	NA	NA	NA	NA	NA
NUMT_22.015	22	42095503	42195460	1	MEI1	ENSG00000167077.8	ENSG00000167077	18
NUMT_22.016	22	46756731	46933067	-1	CELSR1	ENSG00000075275.12	ENSG00000075275	6
NUMT_22.017	NA	NA	NA	NA	NA	NA	NA	NA
NUMT_X.001	NA	NA	NA	NA	NA	NA	NA	NA
NUMT_X.002	NA	NA	NA	NA	NA	NA	NA	NA
NUMT_X.003	X	9754496	9917483	1	SHROOM2	ENSG00000146950.8	ENSG00000146950	4
NUMT_X.004	X	15706953	15805747	1	CA5B	ENSG00000169239.8	ENSG00000169239	10
NUMT_X.005	X	22277914	23311263	-1	NA	ENSG00000233067.2	ENSG00000233067	2
NUMT_X.005	X	22446249	22512830	1	NA	ENSG00000231846.1	ENSG00000231846	1
NUMT_X.006	X	24072833	24096088	1	EIF2S3	ENSG00000130741.6	ENSG00000130741	5
NUMT_X.007	NA	NA	NA	NA	NA	NA	NA	NA
NUMT_X.008	X	53401070	53449677	-1	SMC1A	ENSG00000072501.13	ENSG00000072501	6
NUMT_X.009	NA	NA	NA	NA	NA	NA	NA	NA
NUMT_X.010	NA	NA	NA	NA	NA	NA	NA	NA
NUMT_X.011	X	62062012	62062972	1	MTND1P31	ENSG00000235170.1	ENSG00000235170	1
NUMT_X.012	X	62063167	62063776	1	MTND2P25	ENSG00000228182.1	ENSG00000228182	1
NUMT_X.013	NA	NA	NA	NA	NA	NA	NA	NA
NUMT_X.014	X	69344822	69348921	-1	MTND4P31	ENSG00000235382.1	ENSG00000235382	1
NUMT_X.015	X	69344822	69348921	-1	MTND4P31	ENSG00000235382.1	ENSG00000235382	1
NUMT_X.016	X	69344822	69348921	-1	MTND4P31	ENSG00000235382.1	ENSG00000235382	1
NUMT_X.017	NA	NA	NA	NA	NA	NA	NA	NA
NUMT_X.018	X	83572882	83757487	-1	HDX	ENSG00000165259.9	ENSG00000165259	5
NUMT_X.019	NA	NA	NA	NA	NA	NA	NA	NA
NUMT_X.020	NA	NA	NA	NA	NA	NA	NA	NA
NUMT_X.021	NA	NA	NA	NA	NA	NA	NA	NA
NUMT_X.022	NA	NA	NA	NA	NA	NA	NA	NA
NUMT_X.023	X	102024089	102140334	1	LINC00630	ENSG00000223546.2	ENSG00000223546	5
NUMT_X.024	X	102024089	102140334	1	LINC00630	ENSG00000223546.2	ENSG00000223546	5
NUMT_X.025	X	102024089	102140334	1	LINC00630	ENSG00000223546.2	ENSG00000223546	5
NUMT_X.025	X	102041741	102043315	1	MTND2P2	ENSG00000229954.1	ENSG00000229954	1
NUMT_X.026	X	102024089	102140334	1	LINC00630	ENSG00000223546.2	ENSG00000223546	5
NUMT_X.027	X	102024089	102140334	1	LINC00630	ENSG00000223546.2	ENSG00000223546	5
NUMT_X.027	X	102051179	102052021	1	NA	ENSG00000237300.2	ENSG00000237300	1
NUMT_X.028	X	102024089	102140334	1	LINC00630	ENSG00000223546.2	ENSG00000223546	5
NUMT_X.028	X	102052459	102053056	1	NA	ENSG00000237628.2	ENSG00000237628	1
NUMT_X.029	X	102024089	102140334	1	LINC00630	ENSG00000223546.2	ENSG00000223546	5
NUMT_X.029	X	102053324	102054488	1	NA	ENSG00000228316.1	ENSG00000228316	1
NUMT_X.029	X	102054491	102054811	1	NA	ENSG00000224471.2	ENSG00000224471	1
NUMT_X.030	X	102024089	102140334	1	LINC00630	ENSG00000223546.2	ENSG00000223546	5
NUMT_X.030	X	102054870	102056327	1	MTND4P32	ENSG00000226056.1	ENSG00000226056	1
NUMT_X.031	X	102024089	102140334	1	LINC00630	ENSG00000223546.2	ENSG00000223546	5
NUMT_X.031	X	102054870	102056327	1	MTND4P32	ENSG00000226056.1	ENSG00000226056	1
NUMT_X.032	X	102024089	102140334	1	LINC00630	ENSG00000223546.2	ENSG00000223546	5
NUMT_X.032	X	102057969	102061066	1	MTND5P26	ENSG00000234886.1	ENSG00000234886	1
NUMT_X.033	X	102024089	102140334	1	LINC00630	ENSG00000223546.2	ENSG00000223546	5
NUMT_X.034	X	102024089	102140334	1	LINC00630	ENSG00000223546.2	ENSG00000223546	5
NUMT_X.035	X	102024089	102140334	1	LINC00630	ENSG00000223546.2	ENSG00000223546	5
NUMT_X.036	NA	NA	NA	NA	NA	NA	NA	NA
NUMT_X.037	NA	NA	NA	NA	NA	NA	NA	NA
NUMT_X.038	X	125606711	125606867	1	MTND4LP1	ENSG00000231501.1	ENSG00000231501	1
NUMT_X.038	X	125606792	125606865	-1	NA	ENSG00000264338.1	ENSG00000264338	1
NUMT_X.038	X	125606868	125607264	1	MTND4P24	ENSG00000232177.1	ENSG00000232177	1
NUMT_X.039	X	125606711	125606867	1	MTND4LP1	ENSG00000231501.1	ENSG00000231501	1
NUMT_X.039	X	125606792	125606865	-1	NA	ENSG00000264338.1	ENSG00000264338	1
NUMT_X.039	X	125606868	125607264	1	MTND4P24	ENSG00000232177.1	ENSG00000232177	1
NUMT_X.040	NA	NA	NA	NA	NA	NA	NA	NA
NUMT_X.041	NA	NA	NA	NA	NA	NA	NA	NA
NUMT_X.042	X	125866419	125866503	-1	NA	ENSG00000263686.1	ENSG00000263686	1
NUMT_X.043	NA	NA	NA	NA	NA	NA	NA	NA
NUMT_X.044	X	135295381	135338641	-1	MAP7D3	ENSG00000129680.11	ENSG00000129680	8
NUMT_X.045	X	142372754	142604631	1	NA	ENSG00000227303.1	ENSG00000227303	1
NUMT_X.046	X	142372754	142604631	1	NA	ENSG00000227303.1	ENSG00000227303	1
NUMT_X.046	X	142520836	142521752	1	MTND1P33	ENSG00000235539.1	ENSG00000235539	1
NUMT_X.047	X	142372754	142604631	1	NA	ENSG00000227303.1	ENSG00000227303	1
NUMT_X.047	X	142522311	142523074	1	NA	ENSG00000230130.1	ENSG00000230130	1
NUMT_X.048	X	142372754	142604631	1	NA	ENSG00000227303.1	ENSG00000227303	1
NUMT_X.048	X	142522311	142523074	1	NA	ENSG00000230130.1	ENSG00000230130	1
NUMT_X.049	X	142627592	142631882	1	NA	ENSG00000227675.1	ENSG00000227675	1
NUMT_X.050	NA	NA	NA	NA	NA	NA	NA	NA
NUMT_Y.001	NA	NA	NA	NA	NA	NA	NA	NA
NUMT_Y.002	NA	NA	NA	NA	NA	NA	NA	NA
NUMT_Y.003	NA	NA	NA	NA	NA	NA	NA	NA
NUMT_Y.004	Y	8239704	8240071	1	MTND1P1	ENSG00000226529.1	ENSG00000226529	1
NUMT_Y.004	Y	8240282	8240751	1	MTND2P3	ENSG00000234850.1	ENSG00000234850	1
NUMT_Y.005	NA	NA	NA	NA	NA	NA	NA	NA
NUMT_Y.006	NA	NA	NA	NA	NA	NA	NA	NA
NUMT_Y.007	NA	NA	NA	NA	NA	NA	NA	NA
NUMT_Y.008	NA	NA	NA	NA	NA	NA	NA	NA
NUMT_Y.009	NA	NA	NA	NA	NA	NA	NA	NA
NUMT_Y.010	NA	NA	NA	NA	NA	NA	NA	NA
NUMT_Y.011	NA	NA	NA	NA	NA	NA	NA	NA
NUMT_Y.012	Y	21034387	21239302	-1	TTTY14	ENSG00000176728.3	ENSG00000176728	5
