ensembl_gene_id	GTEx_gene_id_version	Description	Adipose...Subcutaneous	Adipose...Visceral..Omentum.	Adrenal.Gland	Artery...Aorta	Artery...Coronary	Artery...Tibial	Bladder	Brain...Amygdala	Brain...Anterior.cingulate.cortex..BA24.	Brain...Caudate..basal.ganglia.	Brain...Cerebellar.Hemisphere	Brain...Cerebellum	Brain...Cortex	Brain...Frontal.Cortex..BA9.	Brain...Hippocampus	Brain...Hypothalamus	Brain...Nucleus.accumbens..basal.ganglia.	Brain...Putamen..basal.ganglia.	Brain...Spinal.cord..cervical.c.1.	Brain...Substantia.nigra	Breast...Mammary.Tissue	Cells...EBV.transformed.lymphocytes	Cells...Transformed.fibroblasts	Cervix...Ectocervix	Cervix...Endocervix	Colon...Sigmoid	Colon...Transverse	Esophagus...Gastroesophageal.Junction	Esophagus...Mucosa	Esophagus...Muscularis	Fallopian.Tube	Heart...Atrial.Appendage	Heart...Left.Ventricle	Kidney...Cortex	Liver	Lung	Minor.Salivary.Gland	Muscle...Skeletal	Nerve...Tibial	Ovary	Pancreas	Pituitary	Prostate	Skin...Not.Sun.Exposed..Suprapubic.	Skin...Sun.Exposed..Lower.leg.	Small.Intestine...Terminal.Ileum	Spleen	Stomach	Testis	Thyroid	Uterus	Vagina	Whole.Blood	tissue_means	sum
ENSG00000198888	ENSG00000198888.2	MT-ND1	27680	23240	26655	8624	11910	10340	14230	38190	36440	36395	20255	29730	43230	31010	36540	32180	32890	38075	26370	38735	23505	7353	7105	9832	8407	20170	23050	18555	9545	19990	13390	33180	38830	30530	20120	13540	13490	31110	14120	8118	9069	10730	16625	18470	19390	21840	13145	24810	22760	13315	10190	8360	2743	41425.5396226415	2298733.87924528
ENSG00000210100	ENSG00000210100.1	MT-TI	1.5225	3.033	5.103	0.594	1.361	0.7224	1.521	30.485	34.16	57.4	14.215	19.53	40.88	32.26	35.14	20.61	40.12	57.285	24.78	54.085	1.4865	1.1335	0.7663	0.3958	1.827	2.2	2.955	1.716	0.6523	2.133	1.553	2.437	3.585	2.28	2.277	2.821	0.735	4.6085	2.575	0.5767	1.2915	0.7051	1.366	0.7734	0.7187	3.418	3.2885	2.727	1.072	0.94295	0.7705	0.594	2.457	19.7714155060034	1097.1304919211
ENSG00000210107	ENSG00000210107.1	MT-TQ	0	0.5834	0.6307	0	0	0	0	1.96	1.882	3.4155	0.99605	1.1	2.538	2.272	1.999	1.64	1.999	3.569	1.508	2.7885	0	0	0.4138	0	0	0.5317	0.49675	0.3209	0	0.4379	0	0.6666	1.94	0.8987	0.4688	0	0	0.776	0	0	0	0	0	0	0	0.5003	0	0.55805	0	0	0	0	0	1.36678909090909	75.8441390909091
ENSG00000210112	ENSG00000210112.1	MT-TM	0.9878	1.604	2.0935	0	0.798	0.5622	0.8238	13.855	14.24	17.135	4.547	6.213	18.655	16.37	14.97	13.64	12.24	16.06	12.05	17.77	0.9759	0.646	0.8396	0.34825	0.8769	1.736	1.573	1.479	0.7762	1.3975	0.8394	2.967	7.502	2.959	0.852	1.936	0.6751	3.311	2.112	0	0.524	0.7803	1.355	0.6614	0.6458	1.266	1.059	1.414	0.7574	0.78415	0.5734	0.6005	0.6521	8.50251581475129	471.810900720412
ENSG00000198763	ENSG00000198763.3	MT-ND2	25805	27460	25020	9538	13550	10140	15900	37670	35150	48240	22955	26720	35565	31650	38220	36320	39450	48450	36880	41990	25015	6168	5964	12180	13810	24750	22795	22480	9744	23925	16220	31200	34690	31870	22910	13390	14420	22310	16720	12160	9519	16000	21845	17200	16090	22520	11680	24810	18220	16270	12260	11610	2173	44074.0404802744	2445701.15368782
ENSG00000210117	ENSG00000210117.1	MT-TW	0	0	0.34705	0	0	0	0	1.8065	1.911	3.0235	1.1175	1.008	2.0755	1.753	2.61	1.821	2.331	3.311	1.364	3.519	0	0	0	0	0	0	0	0	0	0	0	0.3313	0.3696	0.2748	0	0	0	0.4778	0	0	0	0	0	0	0	0	0	0	0	0	0	0	0	1.09117234991424	60.5499619725557
ENSG00000210127	ENSG00000210127.1	MT-TA	0.71985	0.7041	1.3215	0.7195	0.8595	1.107	0.8119	2.895	2.725	2.936	1.04	0.9844	2.6755	2.668	2.964	2.883	2.446	2.879	2.779	3.5925	0.72125	1.3215	0.7329	0	0.8642	0.7204	1.2485	1.203	0.6082	1.156	1.655	1.617	1.621	0.5623	0.5042	0.8511	0.5526	1.339	1.191	0	0.41275	0	0.56035	1.335	1.472	1.239	0.7862	1.5045	0.4873	0.51205	0.491	0	0	2.48159361921098	137.705468147513
ENSG00000210135	ENSG00000210135.1	MT-TN	1.39	1.5	2.845	1.636	2.184	2.544	2.75	3.63	2.501	1.948	0.98825	0.9659	2.18	1.816	3.149	2.703	1.932	2.4035	2.119	2.588	1.539	2.186	1.621	0.3244	0.8261	1.155	2.9605	2.4065	1.112	2.297	2.467	2.96	2.951	0.8899	0.9054	1.761	1.54	2.864	1.4745	0.5675	0.55585	0.4526	0.70035	3.35	3.298	2.983	2.112	3.51	0.7674	0.7947	0.703	0.7437	0.3993	3.66608500857633	203.433772744425
ENSG00000210140	ENSG00000210140.1	MT-TC	2.713	2.28	6.9645	2.738	3.741	4.182	5.043	4.897	4.294	3.22	1.574	1.46	3.7095	3.138	4.279	4.15	3.206	3.2435	2.292	4.181	2.816	5.6275	4.129	0	2.174	2.176	5.9965	4.349	2.442	5.031	4.922	6.809	5.547	1.351	2.04	3.354	2.421	5.7225	2.4065	0.8904	1.4025	0.5017	0.981	5.575	5.891	6.572	3.3065	6.394	1.787	1.1945	1.218	0.9261	0.5407	6.58744054888508	365.541955643225
ENSG00000210144	ENSG00000210144.1	MT-TY	6.646	6.504	14.825	5.883	9.737	9.622	13.55	13.81	9.92	6.423	3.4305	3.873	8.3835	6.572	8.989	9.773	7.249	7.26	5.572	8.9975	6.072	13.19	10.15	5.288	6.494	5.621	15.47	11.73	5.97	12.47	18.4	15.94	11.4	2.226	3.545	7.397	6.143	11.735	5.75	1.464	4.1035	0.8527	2.358	13.06	13.32	15.99	8.599	16.545	3.432	2.613	4.303	2.339	1.075	16.0078859691252	888.289450120069
ENSG00000198804	ENSG00000198804.2	MT-CO1	22095	22830	60775	13300	18840	20210	31250	68515	64970	49460	24805	28940	68870	54600	65880	53020	42570	55230	29940	53575	23960	19775	18800	16885	17830	26890	49030	32745	23830	32380	22310	66460	82390	35170	39470	21090	25390	49600	16020	14340	11940	8216	17280	32090	29750	45570	25715	40245	20780	23865	19160	16680	4007	65924.0150943396	3658172.43018868
ENSG00000210151	ENSG00000210151.2	MT-TS1	100.9	87.81	196.35	55.03	81.71	95.65	153.2	380.55	328.5	221.8	106.3	111.5	275.4	266.4	325.7	250.1	224.9	233.05	146.5	269.2	107.05	65.65	61.47	80.68	58.38	80.78	186.8	128.3	87.48	130.7	107	235.4	264.5	194.1	181	82.53	89.25	164.75	73.52	38.95	48.785	29.72	78.96	160.5	144.1	158	135.7	165.4	73.3	84.475	59.4	59.48	20.78	279.630710120069	15516.915238422
ENSG00000210154	ENSG00000210154.1	MT-TD	0	0.4325	0.76175	0	0	0	0	5.481	5.871	7.669	2.584	3.094	5.523	5.363	5.219	3.828	5.408	6.879	3.162	7.6745	0	0	0	0	0	0	0.49515	0	0	0	0	0.4173	1.071	1.196	0	0	0	0.50205	0	0	0	0	0	0	0	0	0	0.3896	0	0	0	0	0	2.70540370497427	150.124855591767
ENSG00000198712	ENSG00000198712.1	MT-CO2	27500	30000	47140	12840	19470	15360	29100	63890	67300	74140	41855	42980	62260	61620	72010	65550	64360	79660	50200	75195	28380	24400	23150	16770	15380	37680	53740	37480	24620	40470	21860	43490	62640	65550	46290	21820	24950	37470	18740	13580	12385	23480	36980	27230	25400	43720	26200	40045	26090	28490	17580	19090	5344	73837.3214408233	4097287.66106346
ENSG00000210156	ENSG00000210156.1	MT-TK	0	0.5628	0.9463	0	0	0	0	7.2245	7.026	8.0555	3.0525	3.411	7.0605	6.163	7.161	6.336	6.379	8.122	6.654	8.8735	0.48945	0.39755	0.4928	0	0	0.5738	0.56615	0.5363	0	0.55455	0	0.6555	1.114	0.7693	0.3849	0.6356	0	1.1255	0.8961	0	0	0	0.37845	0	0	0.4566	0.5555	0.54745	0	0	0	0	0.4796	3.6544643567753	202.788934168096
ENSG00000228253	ENSG00000228253.1	MT-ATP8	21200	24000	28810	11130	13440	12060	16230	32440	32420	34005	22090	26890	32050	27930	34040	30400	31350	34530	25370	31990	21890	11830	10070	10873.5	12310	22520	25450	20885	13020	20820	12990	35450	40550	32530	29760	13950	16620	27720	14460	12700	9212.5	15990	25645	18160	16600	24690	13430	24315	16720	19855	13750	12850	2365	42323.9958833619	2348589.88267581
ENSG00000198899	ENSG00000198899.2	MT-ATP6	32175	38300	50570	17890	21830	19340	29280	60385	59150	66635	40990	45490	56285	52420	63270	57050	60590	69355	45340	56995	33700	17020	14750	18185	18370	36000	41175	34730	20290	35165	23120	61820	69130	62490	50770	22210	25630	45115	22305	19570	14365	25810	40380	28090	25390	39320	23535	40625	27980	30775	22430	18820	4508	72503.1231560892	4023252.00994854
ENSG00000198938	ENSG00000198938.2	MT-CO3	34400	32220	51070	15570	21620	20530	26990	70600	67310	53405	38455	38640	53605	51530	69650	59910	57040	57210	38650	56675	34805	19095	12090	19265	19120	32850	47660	32820	22690	34530	22420	60650	65270	76160	43080	18100	25610	41125	22595	17410	11675	26930	36250	35280	34240	39950	20885	38630	35450	34950	18940	21010	4367	71912.8837049743	3990499.18559177
ENSG00000210082	ENSG00000210082.2	MT-RNR2	9497.5	11910	27185	5919	8969	8643	9797	87070	74230	74785	34200	34040	57300	59370	81860	68370	77120	80895	52280	88690	9231.5	11995	6716	4694	5166	13900	17350	15985	8386	15525	6801	29540	36180	37490	18090	8830	5407	16545	7889	4495	3804	10020	13315	10720	9478	11470	9273.5	16360	18540	8119	5478	6255	4249	50366.4391080617	2794871.01457976
ENSG00000211459	ENSG00000211459.2	MT-RNR1	2199.5	2204	4977.5	1115	1908	1879	2265	29860	24310	23410	8384	7820	17850	19670	25720	23800	26370	24980	17590	27040	1970	2816.5	1617	1363.5	1056	2440	3120.5	2961.5	2544	2837.5	1480	5724	6672	7955	2770	1606	1467	2968	2113	817.1	687.2	1893	2590.5	3001	2807	2369	2083	3316.5	3345	1835.5	903.4	1552	1960	14004.5693310463	777123.92593482
ENSG00000210191	ENSG00000210191.1	MT-TL2	0.48815	0.6327	2.9195	0	0.4486	0	0	5.475	5.406	8.3105	3.038	2.91	4.263	4.374	5.058	5.667	6.7	7.5295	4.141	10.0515	0.51055	1.628	0.7458	0	0	0.6214	0.99095	0.7211	0.3853	0.8872	0	1.116	2.808	1.42	0.9601	0	0.4408	0.5401	0.6497	0	0.4541	0.3078	0.56355	0.2891	0	0.9517	0.63985	1.1175	0.629	0.58175	0	0	0	3.60760013722127	200.188403910806
ENSG00000198786	ENSG00000198786.2	MT-ND5	3911	5447	7246	4370	4838	3573	9434	8956	8100	11270	4645	6213	8849	6737	9123	8983	9695	12015	7737	8807	3820.5	4712.5	4248	2939.5	3280	4924	6339.5	8353	3322	7984.5	8669	10990	11430	7165	6101	5371	3426	9633.5	4447.5	2974	1840.5	2693	4731.5	6846	6388	8593	3786	8302	2649	3679.5	3571	2767	753.5	12103.3914236707	671626.155574614
ENSG00000198727	ENSG00000198727.2	MT-CYB	23735	24730	28275	12780	15840	12840	23030	32500	27670	41005	20640	26740	30685	23850	32950	29350	36600	44290	21740	29700	23110	6120.5	9901	14340	15120	23830	26605	26365	12210	26755	18920	37220	46230	36450	31210	12240	17270	29965	15970	12930	9239.5	19400	26740	19480	17090	25850	12645	27085	15430	19830	14820	12750	2384	44624.7478559177	2476260.31389365
ENSG00000198886	ENSG00000198886.2	MT-ND4	31185	34780	53425	15270	18700	16300	34110	56100	53940	53955	33445	40740	53430	43530	59320	52690	50610	57555	42880	51385	32170	18540	16240	19100	24350	35330	43670	37755	19800	40345	25190	53480	65640	55540	55510	24080	27900	41105	24250	21320	14485	22050	39640	27860	24890	39650	24310	44110	31150	32350	22360	18250	4230	69653.5162950257	3865125.21440823
ENSG00000210176	ENSG00000210176.1	MT-TH	0.5995	0.8379	2.7575	0	0.5735	0	0.7275	5.2835	5.337	7.826	2.398	2.761	4.1295	4.342	5.404	3.883	6.076	7.614	3.101	6.4565	0.629	1.918	0.8496	0	0	0.6759	1.263	0.9768	0.5212	0.874	0	1.503	2.439	2.467	1.242	0.7098	0.532	0.89635	0.5528	0	0.5348	0	0.76855	0.6063	0.5968	1.307	0.7608	1.227	0.7112	0.6788	0	0	0	3.5326225728988	196.027843327616
ENSG00000210184	ENSG00000210184.1	MT-TS2	0.51835	0.7202	1.4325	0	0	0	0	2.218	1.652	2.803	0.9512	1.034	1.5605	1.591	2.277	1.787	2.512	2.9745	1.128	2.565	0.5735	0.84255	0.6582	0	0	0.6493	0.6798	0.62995	0	0.69085	0	0.8884	1.7	1.305	0.7636	0	0	0.57175	0	0	0.44445	0	0.65225	0.4791	0	0.698	0.6831	0.74195	0.4939	0	0	0	0	1.55126902229846	86.081067135506
ENSG00000198840	ENSG00000198840.2	MT-ND3	17105	21660	21265	7843	13440	9575	12620	25675	24150	27220	15865	15700	20030	20310	25570	24610	25890	29090	21810	23180	18225	4818	4202	8937	9844	19620	18085	16960	7147	18155	11210	29030	31790	28660	18760	8035	11110	14910	11800	9586	7522.5	11940	19560	12410	11020	16420	9544.5	19780	12420	14390	9669	9243	1780	31832.8054888508	1766425.95643225
ENSG00000210174	ENSG00000210174.1	MT-TR	0.5851	0.7101	1.8245	0	0	0	0	5.618	4.831	7.065	3.005	2.889	4.4405	3.975	5.328	4.098	5.535	7.153	4.069	6.3105	0.5651	1.0945	0.5979	0	0	0.7108	0.6729	0.73615	0.4635	0.71585	0	1.156	2.355	1.607	0.9954	0.6242	0	0.86	0.67535	0	0.40155	0	0.43205	0.3343	0.3311	0.7621	0.62145	0.83265	0.4158	0.47455	0	0	0	3.18153180102916	176.545556329331
ENSG00000212907	ENSG00000212907.2	MT-ND4L	13525	15780	23285	6212	7702	6690	14800	21070	21380	24205	12615	17850	24245	17710	23430	22540	21290	24035	18610	21475	13720	8400.5	7363	7898.5	10060	15770	17960	16995	8428	17720	11480	25500	31900	19700	24730	10210	12200	18345	10425	9180	6393	9185	17940	11440	10080	16810	7895.5	18930	13330	14310	9905	7718	1272	29700.6483704974	1648110.97855918
ENSG00000210164	ENSG00000210164.1	MT-TG	0.5403	0.8019	1.9225	0	0.6049	0	0.8238	10.26	11.35	16.19	6.8575	8.681	11.84	10.15	12.5	7.439	13.18	15.99	9.019	15.42	0.59715	1.2355	0.6847	0	0	0.6734	0.85425	0.7106	0	0.7028	0.7807	0.9764	2.066	1.92	1.01	0.7149	0.3934	0.9273	0.88205	0	0.4044	0.5374	0.65015	0	0	0.8319	1.075	0.99795	0.5081	0.52625	0	0	0.5721	6.47638024013722	359.379136843911
ENSG00000210049	ENSG00000210049.1	MT-TF	0.7129	0.5856	0.8484	0	0.5518	0.6665	0	16.9	13.41	12.895	4.1105	3.909	12.14	11.3	12.04	11.16	11.55	13.095	7.299	14.61	0.7151	1.3825	0.609	0	0	0.6293	0.6724	0.6588	0	0.6445	0.7477	1.024	1.801	2.911	0.4085	0.5354	0	0.63135	0.84455	0	0	0.3235	0.58405	0.6801	0.6944	0.532	0.6133	0.87285	0.7066	0.5641	0	0	0.4687	6.22577948542024	345.473115334477
ENSG00000198695	ENSG00000198695.2	MT-ND6	3666	6025	8498	6788	7326	4645	11080	9914	8514	11880	4899	5878	7473.5	6711	8992	9605	10110	12725	6830	8739.5	3444	5851	4938	2830	3838	4486	7501.5	10000.5	3536	9736.5	12350	9968	11090	6304	5401	7023	3195	12105	4613	2723	2167.5	2039	3838.5	9149	8720	11440	6365	10280	1774	2765.5	3729	2550	1085	13231.7598627787	734240.156089194
ENSG00000210194	ENSG00000210194.1	MT-TE	12.17	20.44	28.845	26.05	26.81	18.09	44.76	38.98	30.52	70.78	14.485	15.8	24.125	20.48	30.89	29.44	38.35	58.565	16.11	40.32	10.43	19.54	16.96	6.9605	19.23	14.74	23.69	32.065	10.4	33.15	45.62	28.43	29.47	13.74	10.38	27.86	7.716	41.49	15.675	7.535	6.8585	3.571	7.656	33.5	32.91	38.89	26.46	34.36	2.821	6.5545	10.15	5.856	3.568	45.7285152658662	2537.50918507719
ENSG00000210077	ENSG00000210077.1	MT-TV	1.152	1.473	1.6895	0.5375	0.8374	0.5857	1.002	43.05	41.53	42.07	14.075	16.34	33.78	31.18	40.91	30.76	45.1	40.025	24.19	65.11	0.77455	1.413	0.7874	0.3887	0.8642	1.897	1.6235	1.403	1.138	1.5335	0	1.742	4.594	3.56	0.5624	1.772	0.3877	1.7815	2.2745	0	0.42935	0.5991	0.8326	0.6851	0.7168	0.9479	1.518	1.5405	1.347	0.58655	0	0.6152	1.58	19.0914415780446	1059.39823497427
ENSG00000209082	ENSG00000209082.1	MT-TL1	7.6005	9.922	21.33	2.265	4.856	2.944	3.735	43.625	42.85	55.695	18.94	27.86	56	37.1	40.67	31.1	42.37	51.725	28	47.88	7.0515	4.8925	3.939	1.06565	2.004	7.018	9.9115	7.343	3.348	8.4515	4.784	11.34	27.14	18.95	8.467	7.179	3.012	18.08	5.651	1.517	4.195	3.734	5.63	3.489	3.402	9.725	7.8605	8.143	7.504	4.321	2.543	2.163	2.939	29.7606004116638	1651.43776173242
ENSG00000210195	ENSG00000210195.2	MT-TT	0.6072	0.7565	1.551	0	0	0.4082	0	3.3955	3.063	6.015	1.8165	1.812	2.6735	2.539	3.278	3.536	3.124	4.4945	2.81	7.4885	0.5986	2.637	0.8401	0.72705	0	0.5873	0.90565	0.6402	0	0.68865	0.9539	1.257	1.501	1.091	0.5531	0.7668	0.4741	1.4285	0.6695	0	0	0	0	0.8276	1.079	0.787	0.8238	0.7779	0.4702	0.41065	0	0	0	2.62549296740995	145.690549571184
ENSG00000210196	ENSG00000210196.2	MT-TP	1.416	1.218	1.834	1.506	1.6	1.949	0.8238	5.867	5.642	7.0115	2.4645	2.744	4.1945	4.233	6.117	5.456	5.249	6.9765	4.262	10.615	1.581	2.3915	0.9721	1.43895	0.8916	1.619	2.1985	2.864	0.7817	2.393	1.508	2.616	2.929	2.893	1.165	1.588	0.9194	2.349	1.7275	0.6818	0.47635	0.5866	1.515	2.21	1.847	1.837	1.1485	2.0845	1.052	1.028	0.8142	0.7334	0	4.89128480274443	271.421016878216
