ensembl_gene_id	GTEx_gene_id_version	Description	Adipose...Subcutaneous	Adipose...Visceral..Omentum.	Adrenal.Gland	Artery...Aorta	Artery...Coronary	Artery...Tibial	Bladder	Brain...Amygdala	Brain...Anterior.cingulate.cortex..BA24.	Brain...Caudate..basal.ganglia.	Brain...Cerebellar.Hemisphere	Brain...Cerebellum	Brain...Cortex	Brain...Frontal.Cortex..BA9.	Brain...Hippocampus	Brain...Hypothalamus	Brain...Nucleus.accumbens..basal.ganglia.	Brain...Putamen..basal.ganglia.	Brain...Spinal.cord..cervical.c.1.	Brain...Substantia.nigra	Breast...Mammary.Tissue	Cells...EBV.transformed.lymphocytes	Cells...Transformed.fibroblasts	Cervix...Ectocervix	Cervix...Endocervix	Colon...Sigmoid	Colon...Transverse	Esophagus...Gastroesophageal.Junction	Esophagus...Mucosa	Esophagus...Muscularis	Fallopian.Tube	Heart...Atrial.Appendage	Heart...Left.Ventricle	Kidney...Cortex	Liver	Lung	Minor.Salivary.Gland	Muscle...Skeletal	Nerve...Tibial	Ovary	Pancreas	Pituitary	Prostate	Skin...Not.Sun.Exposed..Suprapubic.	Skin...Sun.Exposed..Lower.leg.	Small.Intestine...Terminal.Ileum	Spleen	Stomach	Testis	Thyroid	Uterus	Vagina	Whole.Blood	tissue_means	sum
ENSG00000225972	ENSG00000225972.1	MTND1P23	14.9	11.65	14.9	6.127	7.57	8.285	7.068	19.735	17.41	18.905	12.685	16.01	19.405	17.34	17.79	15.52	16.96	19.175	15.74	18.965	12.81	4.9045	6.306	5.8515	8.977	10.64	11.685	10.059	5.892	9.8765	6.905	16.28	23.28	17.89	10.46	9.282	8.829	16.825	10.0085	5.858	5.5455	7.311	9.68	10.33	11.57	12.79	7.647	12.655	13.64	8.7245	6.845	6.069	4.364	11.81	637.74
ENSG00000225630	ENSG00000225630.1	MTND2P28	941.2	989	907	324.7	492.5	354.5	483.1	1152.5	1152	1555.5	609.75	830.6	1226.5	938.6	1259	1132	1258	1584.5	1065	1369	885.85	214.15	201.9	343.55	406.1	820	796.65	783.55	330.6	781.45	507	1123	1274	1076	754.3	444.7	512.1	752.1	582.75	382.9	340.55	514	805.2	597.1	555.3	772.2	366.55	884.2	566.7	557.8	433.8	377.2	56.35	743.859433962264	40168.4094339623
ENSG00000237973	ENSG00000237973.1	hsa-mir-6723	48.22	47.65	113.35	30.28	39.04	43.87	54.78	133.6	129.6	117.35	51.345	57.81	139.65	113.1	136.3	117.1	92.65	119.2	71.95	109.1	51.145	38.55	35.98	31.595	55.84	51.19	94.69	64.255	46.06	63.4	46.84	131.3	180.6	86.12	82.2	46.4	48.9	104.05	36.645	31.14	25.095	20.53	39.98	66.93	65.01	89.01	49.295	82.76	41.27	52.975	38.6	33.1	14.17	70.0296226415094	3781.59962264151
ENSG00000229344	ENSG00000229344.1	RP5-857K21.7	14.9	14.15	20.115	8.122	10.61	10.4	13.04	29.125	29.6	31.985	18.43	19.61	27.69	28.83	31.15	30.63	28.33	35.845	25.97	36.065	14.11	11.74	11.15	7.535	7.978	17.63	21.585	16.555	11.35	16.915	8.796	19.48	31.66	25.74	19.13	12.76	12.65	19.17	11.65	7.806	6.562	11.85	15.595	13.39	14.31	20.03	11.25	17.605	12.63	14.455	9.581	9.288	5.665	17.588641509434	949.786641509434
ENSG00000240409	ENSG00000240409.1	MTATP8P1	20.14	18.35	22.235	9.655	12.64	11.93	11.29	29.345	26.89	28.835	15	21.56	27.285	22.59	28.54	27.31	26.34	30.6	20.05	29.06	17.995	9.4795	9.593	6.122	12.43	17.71	19.725	16.95	10.32	16.11	9.232	31.32	39.95	23.26	23.38	13.22	12.41	24.81	14.015	9.465	7.5835	12.56	20.45	15.73	15.96	23.55	10.225	21.275	13.79	16.035	10.12	10.74	4.042	18.0981509433962	977.300150943396
ENSG00000248527	ENSG00000248527.1	MTATP6P1	3108	3881	5478.5	1767	2189	1917	2810	6332.5	6276	7405	4014.5	4581	6114.5	5363	6642	6173	6691	7739	4649	6209	3424.5	1650.5	1379	1818.5	2113	3499	4288.5	3503	1995	3619.5	2240	6837	8294	6276	5360	2172	2473	4844.5	2221	2238	1411	2510	4062.5	2779	2536	4085	2440	4273.5	2798	3056.5	2252	1989	487	3854.06603773585	208119.566037736
ENSG00000198744	ENSG00000198744.5	RP5-857K21.11	24	20.86	30.395	11.91	15.44	17.23	13.36	47.77	40.95	35.47	23.57	24.96	34.25	35.24	48.45	41.13	41.23	40.96	26.24	37.205	23.2	12.795	11.07	9.4535	10.27	20.04	25.815	21.49	14.15	20.54	12.91	37.83	57.99	40.06	23.46	15.31	18.2	28.555	18.005	11.68	8.6045	16.7	20.22	22.15	23.85	25.23	13.44	22.76	22.25	23.325	11.95	13.46	6.766	24.0405471698113	1298.18954716981
ENSG00000232663	ENSG00000232663.2	RP3-477M7.6	0	0	0	0	0	0	0	0	0	0	0	0	0	0	0	0	0	0	0	0	0	0	0	0	0	0	0	0	0	0	0	0	0	0	0	0	0	0	0	0	0	0	0	0	0	0	0	0	0	0	0	0	0	0	0
ENSG00000224338	ENSG00000224338.2	RP11-149P14.1	0	0	0	0	0	0	0	0	0	0	0	0	0	0	0	0	0	0	0	0	0	0	0	0	0	0	0	0	0	0	0	0	0	0	0	0	0	0	0	0	0	0	0	0	0	0	0	0	0	0	0	0	0	0	0
ENSG00000225478	ENSG00000225478.2	RP1-8B22.2	0	0	0	0	0	0	0	0	0	0	0	0	0	0	0	0	0	0	0	0	0	0	0	0	0	0	0	0	0	0	0	0	0	0	0	0	0	0	0	0	0	0	0	0	0	0	0	0	0	0	0	0	0	0	0
ENSG00000233595	ENSG00000233595.2	MTND2P29	0	0	0	0	0	0	0	0	0	0	0	0	0	0	0	0	0	0	0	0	0	0	0	0	0	0	0	0	0	0	0	0	0	0	0	0	0	0	0	0	0	0	0	0	0	0	0	0	0	0	0	0	0	0	0
ENSG00000232198	ENSG00000232198.2	RP4-633H17.2	0	0	0	0	0	0	0	0	0	0	0	0	0	0	0	0	0	0	0	0	0	0	0	0	0	0	0	0	0	0	0	0	0	0	0	0	0	0	0	0	0	0	0	0	0	0	0	0	0	0	0	0	0	0	0
ENSG00000227937	ENSG00000227937.1	MTND2P30	0	0	0	0	0	0	0	0	0	0	0	0	0	0	0	0	0	0	0	0	0	0	0	0	0	0	0	0	0	0	0	0	0	0	0	0	0	0	0	0	0	0	0	0	0	0	0	0	0	0	0	0	0	0	0
ENSG00000235794	ENSG00000235794.1	RP5-837O21.6	0	0	0	0	0	0	0	0	0	0	0	0	0	0	0	0	0	0	0	0	0	0	0	0	0	0	0	0	0	0	0	0	0	0	0	0	0	0	0	0	0	0	0	0	0	0	0	0	0	0	0	0	0	0	0
ENSG00000232752	ENSG00000232752.1	RP5-837O21.5	0	0	0	0	0	0	0	0	0	0	0	0	0	0	0	0	0	0	0	0	0	0	0	0	0	0	0	0	0	0	0	0	0	0	0	0	0	0	0	0	0	0	0	0	0	0	0	0	0.07022	0	0	0	0	0.00132490566037736	0.0715449056603774
ENSG00000229842	ENSG00000229842.2	RP5-837O21.4	0	0	0	0	0	0	0	0	0	0	0	0	0	0	0	0	0	0	0	0	0	0	0	0	0	0	0	0	0	0	0	0	0	0	0	0	0	0	0	0	0	0	0	0	0	0	0	0	0	0	0	0	0	0	0
ENSG00000250890	ENSG00000250890.1	RP5-837O21.8	0	0	0	0	0	0	0	0	0	0	0	0	0	0	0	0	0	0	0	0	0	0	0	0	0	0	0	0	0	0	0	0	0	0	0	0	0	0	0	0	0	0	0	0	0	0	0	0	0	0	0	0	0	0	0
ENSG00000236689	ENSG00000236689.1	RP5-837O21.3	0	0	0	0	0	0	0	0	0	0	0	0	0	0	0	0	0	0	0	0	0	0	0	0	0	0	0	0	0	0	0	0	0	0	0	0	0	0	0	0	0	0	0	0	0	0	0	0	0	0	0	0	0	0	0
ENSG00000226960	ENSG00000226960.1	RP5-837O21.1	0	0	0	0	0	0	0	0	0	0	0	0	0	0	0	0	0	0	0	0	0	0	0	0	0	0	0	0	0	0	0	0	0	0	0	0	0	0	0	0	0	0	0	0	0	0	0	0	0	0	0	0	0	0	0
ENSG00000233449	ENSG00000233449.1	RP11-233E12.4	0	0	0	0	0	0	0	0	0	0	0	0	0	0	0	0	0	0	0	0	0	0	0	0	0	0	0	0	0	0	0	0	0	0	0	0	0	0	0	0	0	0	0	0	0	0	0	0	0	0	0	0	0	0	0
ENSG00000232551	ENSG00000232551.2	RP11-233E12.2	0	0	0	0	0	0	0	0	0	0	0	0	0	0	0	0	0	0	0	0	0	0	0	0	0	0	0	0	0	0	0	0	0	0	0	0	0	0	0	0	0	0	0	0	0	0	0	0	0	0	0	0	0	0	0
ENSG00000238256	ENSG00000238256.1	MTND5P20	0	0	0	0	0	0	0	0	0	0	0	0	0	0	0	0	0	0	0	0	0	0	0	0	0	0	0	0	0	0	0	0	0	0	0	0	0	0	0	0	0	0	0	0	0	0	0	0	0	0	0	0	0	0	0
ENSG00000230446	ENSG00000230446.1	RP11-423O2.3	0	0	0.12075	0	0	0	0.1626	0	0	0	0	0	0	0	0	0	0	0	0	0	0	0.1643	0.1099	0	0.4907	0	0	0	0	0	0.356	0	0	0	0	0	0.1207	0.090415	0.16115	0.2207	0	0.1116	0.1209	0.1239	0.1445	0.06895	0	0	0.2276	0.24235	0.1922	0	0	0.0609285849056604	3.29014358490566
ENSG00000236055	ENSG00000236055.1	RP11-423O2.2	0.2077	0.1063	0.3126	0.2248	0.2777	0.2279	0.4662	0	0	0	0.1363	0.2355	0	0	0	0	0	0	0.06852	0	0.2988	0.41415	0.2655	0.273755	0.5069	0.2704	0.16005	0.29195	0.1463	0.23945	0.2888	0.1349	0.1004	0.08294	0.04784	0.2204	0.3674	0.25285	0.49995	0.7116	0.10825	0.3116	0.36245	0.2987	0.3788	0.2231	0.1527	0.18085	0.5362	0.6705	0.4457	0.3454	0	0.223624622641509	12.0757296226415
ENSG00000230255	ENSG00000230255.1	RP11-423O2.1	0.14175	0.08487	0.1855	0.1371	0.158	0.1597	0.3726	0	0	0	0.07466	0.1843	0.027285	0	0	0	0	0	0.06442	0	0.18445	0.23205	0.1766	0.19515	0.781	0.1477	0.1232	0.1673	0.08054	0.168	0.3204	0.09462	0.05673	0.05254	0.03289	0.1124	0.2355	0.1507	0.33545	0.4597	0.068125	0.2102	0.1976	0.2087	0.2599	0.13	0.082405	0.10435	0.3393	0.41785	0.292	0.2003	0	0.154864811320755	8.36269981132076
ENSG00000231289	ENSG00000231289.1	RP11-782C8.6	0.064625	0	0.10125	0.09623	0.0526	0.06401	0.1137	0	0	0	0	0	0	0	0	0	0	0	0	0	0.07022	0	0.0389	0.024855	0	0.02818	0	0.059445	0	0.05882	0.1951	0.02133	0	0	0	0.0324	0.06777	0.038165	0.12975	0.3085	0	0.0748	0.04103	0.08138	0.116	0.05783	0	0	0.1019	0.1128	0.1485	0.0907	0	0.0451092452830189	2.43589924528302
ENSG00000229420	ENSG00000229420.1	RP11-782C8.7	0	0	0.1027	0	0	0	0	0	0	0	0	0	0	0	0	0	0	0	0	0	0	0	0	0.1276	0	0	0	0	0	0	0.2949	0	0	0	0	0	0	0	0.1259	0.3399	0	0	0	0	0.09284	0	0	0	0.07874	0	0.1037	0	0	0.0238920754716981	1.2901720754717
ENSG00000234654	ENSG00000234654.1	RP11-782C8.8	0	0	0	0	0	0	0	0	0	0	0	0	0	0	0	0	0	0	0	0	0	0	0	0	0.1482	0	0	0	0	0	0	0	0	0	0	0	0	0	0	0.1624	0	0	0	0	0	0	0	0	0	0	0	0	0	0.00586037735849057	0.316460377358491
ENSG00000225010	ENSG00000225010.1	RP11-435B5.1	0	0	0	0	0	0	0	0	0	0	0	0	0	0	0	0	0	0	0	0	0	0	0	0	0	0	0	0	0	0	0	0	0	0	0	0	0	0	0	0	0	0	0	0	0	0	0	0	0	0	0	0	0	0	0
ENSG00000232571	ENSG00000232571.1	RP11-435B5.2	0	0	0	0	0	0	0	0	0	0	0	0	0	0	0	0	0	0	0	0	0	0	0	0	0	0	0	0	0	0	0	0	0	0	0	0	0	0	0	0	0	0	0	0	0	0	0	0	0	0	0	0	0	0	0
ENSG00000234604	ENSG00000234604.2	RP1-206D15.5	0.51005	0.7735	0.3396	0.4608	0	0.4747	0.5508	0	0	0	0	0	0	0	0	0	0	0	0	0	0.8751	0	0.3636	0.53365	0	0.34	0.26635	0.50895	0	0.3288	1.006	0.5365	0.2848	0	0	0.6079	0.475	0.5813	0.6848	0.9361	0.30985	0.3944	0	0.5646	0.5466	0.3682	0	0.4668	0	0.57655	0.4321	0.4427	0	0.293209433962264	15.8333094339623
ENSG00000234863	ENSG00000234863.1	RP11-410C4.2	0	0	0	0	0	0	0	0	0	0	0	0	0	0	0	0	0	0	0	0	0	0	0	0	0	0	0	0	0	0	0	0	0	0	0	0	0	0	0	0	0	0	0	0	0	0	0	0	0	0	0	0	0	0	0
ENSG00000228525	ENSG00000228525.1	RP5-1087E8.2	0	0	0	0	0	0	0	0	0	0	0.29895	0.2979	0	0	0	0	0	0	0	0	0	0	0	0	0	0	0	0	0	0	0	0	0	0	0	0	0	0.14435	0	0	0.44675	0	0	0	0	0	0	0.2336	0	0	0	0	0	0.0268216981132075	1.44837169811321
ENSG00000238236	ENSG00000238236.1	RP4-534P7.2	0	0	0	0	0	0	0	0	0	0	0	0	0	0	0	0	0	0	0	0	0	0	0	0	0	0	0	0	0	0	0	0	0	0	0	0	0	0	0	0	0	0	0	0	0	0	0	0	0	0	0	0	0	0	0
ENSG00000235638	ENSG00000235638.1	MTND6P14	0	0	0	0	0	0	0	0	0	0	0	0	0	0	0	0	0	0	0	0	0	0	0	0	0	0	0	0	0	0	0	0	0	0	0	0	0	0	0	0	0	0	0	0	0	0	0	0	0	0	0	0	0	0	0
ENSG00000231199	ENSG00000231199.2	MTND5P19	0	0	0	0	0	0	0	0	0	0	0	0	0	0	0	0	0	0	0	0	0	0	0	0	0	0	0	0	0	0	0	0	0	0	0	0	0	0	0	0	0	0	0	0	0	0	0	0	0	0	0	0	0	0	0
ENSG00000226663	ENSG00000226663.2	MTND4P10	0	0	0	0	0	0	0	0	0	0	0	0	0	0	0	0	0	0	0	0	0	0	0	0	0	0	0	0	0	0	0	0	0	0	0	0	0	0	0	0	0	0	0	0	0	0	0	0	0	0	0	0	0	0	0
ENSG00000231582	ENSG00000231582.2	RP11-293G6__B.4	0	0	0	0	0	0	0	0	0	0	0	0	0	0	0	0	0	0	0	0	0	0	0	0	0	0	0	0	0	0	0	0	0	0	0	0	0	0	0	0	0	0	0	0	0	0	0	0	0	0	0	0	0	0	0
ENSG00000232714	ENSG00000232714.1	MTND3P8	0	0	0	0	0	0	0	0	0	0	0	0	0	0	0	0	0	0	0	0	0	0	0	0	0	0	0	0	0	0	0	0	0	0	0	0	0	0	0	0	0	0	0	0	0	0	0	0	0	0	0	0	0	0	0
ENSG00000235761	ENSG00000235761.2	RP11-293G6__B.2	0	0	0	0	0	0	0	0	0	0	0	0	0	0	0	0	0	0	0	0	0	0	0	0	0	0	0	0	0	0	0	0	0	0	0	0	0	0	0	0	0	0	0	0	0	0	0	0	0	0	0	0	0	0	0
ENSG00000270188	ENSG00000270188.1	MTRNR2L11	0	0	0	0	0	0	0	0.02028	0.01633	0.0178	0	0	0	0.01462	0.01577	0.01436	0.01755	0.014705	0	0.017585	0	0	0	0	0	0	0	0	0	0	0	0	0	0	0	0	0	0	0	0	0	0	0	0	0	0	0	0	0	0	0	0	0	0.00281132075471698	0.151811320754717
ENSG00000232154	ENSG00000232154.2	RP11-193H5.5	0	0	0	0	0	0	0	0	0	0	0	0	0	0	0	0	0	0	0	0	0	0	0	0	0	0	0	0	0	0	0	0	0	0	0	0	0	0	0	0	0	0	0	0	0	0	0	0	0	0	0	0	0	0	0
ENSG00000225723	ENSG00000225723.1	MTND6P15	0	0	0	0	0	0	0	0	0	0	0	0	0	0	0	0	0	0	0	0	0	0	0	0	0	0	0	0	0	0	0	0	0	0	0	0	0	0	0	0	0	0	0	0	0	0	0	0	0	0	0	0	0	0	0
ENSG00000227860	ENSG00000227860.1	MTND5P18	0	0	0	0	0	0	0	0	0	0	0	0	0	0	0	0	0	0	0	0	0	0	0	0	0	0	0	0	0	0	0	0	0	0	0	0	0	0	0	0	0	0	0	0	0	0	0	0	0	0	0	0	0	0	0
ENSG00000226014	ENSG00000226014.1	RP11-467I20.4	0	0	0	0	0	0	0	0	0	0	0	0	0	0	0	0	0	0	0	0	0	0	0	0	0	0	0	0	0	0	0	0	0	0	0	0	0	0	0	0	0	0	0	0	0	0	0	0	0	0	0	0	0	0	0
ENSG00000240960	ENSG00000240960.1	RP11-521D12.4	0	0	0	0	0	0	0	0	0	0	0	0	0	0	0	0	0	0	0	0	0	0	0	0	0	0	0	0	0	0	0	0	0	0	0	0	0	0	0	0	0	0	0	0	0	0	0	0	0	0	0	0	0	0	0
ENSG00000234189	ENSG00000234189.1	AC099799.1	0	0	0	0	0	0	0	0	0	0	0	0	0	0	0	0	0	0	0	0	0	0	0	0	0	0	0	0	0	0	0	0	0	0	0	0	0	0	0	0	0	0	0	0	0	0	0	0	0	0	0	0	0	0	0
ENSG00000230327	ENSG00000230327.1	AC009234.1	0	0	0	0	0	0	0	0.025655	0	0	0.26205	0.4301	0	0	0	0	0	0	0	0	0	0	0	0	0	0	0	0	0	0	0	0	0	0	0	0	0	0	0.3795	0	0	0	0	0	0	0	0	0	0	0	0	0	0	0.0207038679245283	1.11800886792453
ENSG00000233444	ENSG00000233444.1	AC013262.1	0	0	0	0	0	0	0	0	0	0	0	0	0	0	0	0	0	0	0	0	0	0	0	0	0	0	0	0	0	0	0	0	0	0	0	0	0	0	0	0	0	0	0	0	0	0	0	0	0	0	0	0	0	0	0
ENSG00000226700	ENSG00000226700.1	MTND4P25	0	0	0	0	0	0	0	0	0	0	0	0	0	0	0	0	0	0	0	0	0	0	0	0	0	0	0	0	0	0	0	0	0	0	0	0	0	0	0	0	0	0	0	0	0	0	0	0	0	0	0	0	0	0	0
ENSG00000225045	ENSG00000225045.1	MTND5P27	0	0	0	0	0	0	0	0	0	0	0	0	0	0	0	0	0	0	0	0	0	0	0	0	0	0	0	0	0	0	0	0	0	0	0	0	0	0	0	0	0	0	0	0	0	0	0	0	0.02033	0	0	0	0	0.000383584905660377	0.0207135849056604
ENSG00000224695	ENSG00000224695.1	MTND6P7	0	0	0	0	0	0	0	0	0	0	0	0	0	0	0	0	0	0	0	0	0	0	0	0	0	0	0	0	0	0	0	0	0	0	0	0	0	0	0	0	0	0	0	0	0	0	0	0	0	0	0	0	0	0	0
ENSG00000227789	ENSG00000227789.1	AC098817.3	0	0	0	0	0	0	0	0	0	0	0	0	0	0	0	0	0	0	0	0	0	0	0	0	0	0	0	0	0	0	0	0	0	0	0	0	0	0	0	0	0	0	0	0	0	0	0	0	0	0	0	0	0	0	0
ENSG00000235463	ENSG00000235463.1	AC078974.2	0	0	0	0	0	0	0	0	0	0	0	0	0	0	0	0	0	0	0	0	0	0	0	0	0	0	0	0	0	0	0	0	0	0	0	0	0	0	0	0	0	0	0	0	0	0	0	0	0	0	0	0	0	0	0
ENSG00000229604	ENSG00000229604.2	MTATP8P2	0.62945	0.6157	0.7984	0.2671	0.3607	0.3935	0	0.86935	0.7878	1.2365	0.53515	0.7045	0.9454	0.7425	0.9748	0.8823	1.036	1.0085	0.6798	0.8297	0.59065	0.27265	0.2215	0	0.3498	0.4922	0.61325	0.5136	0.2915	0.4858	0	1.078	1.606	0.965	0.7845	0.4897	0.3474	0.78795	0.3963	0.3237	0.24215	0.3779	0.5781	0.5187	0.4933	0.7325	0.37825	0.5842	0.5807	0.57815	0.3015	0.2688	0.1918	0.579862264150943	31.3125622641509
ENSG00000237055	ENSG00000237055.1	AC097374.3	0	0	0	0	0	0	0	0	0	0	0	0	0	0	0	0	0	0	0	0	0	0	0	0	0	0	0	0	0	0	0	0	0	0	0	0	0	0	0	0	0	0	0	0	0	0	0	0	0.07928	0	0	0	0	0.00149584905660377	0.0807758490566038
ENSG00000232128	ENSG00000232128.1	AC097374.4	0	0	0	0	0	0	0	0	0	0	0	0	0	0	0	0	0	0	0	0	0	0	0	0	0	0	0	0	0	0	0	0	0	0	0	0	0	0	0	0	0	0	0	0	0	0	0	0	0	0	0	0	0	0	0
ENSG00000226341	ENSG00000226341.1	AC062016.2	0	0	0	0	0	0	0	0	0	0	0	0	0	0	0	0	0	0	0	0	0	0	0	0	0	0	0	0	0	0	0	0	0	0	0	0	0	0	0	0	0	0	0	0	0	0	0	0	0	0	0	0	0	0	0
ENSG00000230158	ENSG00000230158.1	MTND1P28	0	0	0	0	0	0	0	0	0	0	0	0	0	0	0	0	0	0	0	0	0	0	0	0	0	0	0	0	0	0	0	0	0	0	0	0	0	0	0	0	0	0	0	0	0	0	0	0	0	0	0	0	0	0	0
ENSG00000230950	ENSG00000230950.1	MTND2P21	0	0	0	0	0	0	0	0	0	0	0	0	0	0	0	0	0	0	0	0	0	0	0	0	0	0	0	0	0	0	0	0	0	0	0	0	0	0	0	0	0	0	0	0	0	0	0	0	0	0	0	0	0	0	0
ENSG00000228898	ENSG00000228898.1	AC012365.3	0	0	0	0	0	0	0	0	0	0	0	0	0	0	0	0	0	0	0	0	0	0	0	0	0	0	0	0	0	0	0	0	0	0	0	0	0	0	0	0	0	0	0	0	0	0	0	0	0	0	0	0	0	0	0
ENSG00000236878	ENSG00000236878.1	AC012363.7	0.1855	0.2399	0.10775	0.3028	0.3411	0.2822	0.2272	0.33205	0.2883	0.3566	2.2865	1.824	0.3532	0.4487	0.3574	0.4119	0.3771	0.2741	0.4511	0.2991	0.29185	0.2398	0.198	0.5519	0.8243	0.5138	0.28395	0.44395	0.2661	0.40495	0.1013	0.1464	0.1143	0.1495	0.08184	0.4074	0.3594	0.090135	0.4708	0.4354	0.11395	0.4847	0.683	0.2475	0.1915	0.3467	0.72145	0.1979	0.2252	0.6099	0.9105	0.6885	0.1378	0.409059905660377	22.0892349056604
ENSG00000227788	ENSG00000227788.1	AC012363.8	0.14205	0.1791	0.072605	0.2195	0.2325	0.2225	0.2906	0.15675	0.1243	0.187	1.379	1.156	0.1684	0.1903	0.1789	0.2032	0.2212	0.16565	0.2718	0.17355	0.22905	0.16885	0.1784	0.5561	0.6291	0.3727	0.21145	0.2938	0.1803	0.28195	0.7978	0.1179	0.06914	0.1019	0.04962	0.2939	0.2717	0.074405	0.34575	0.3247	0.09468	0.2784	0.4133	0.1863	0.1375	0.2828	0.44805	0.15745	0.1528	0.41415	0.6736	0.4595	0.08252	0.288008867924528	15.5524788679245
ENSG00000233286	ENSG00000233286.1	MTND3P10	0	0	0	0.1403	0.1082	0.08118	0.1438	0	0	0.09133	0.69725	0.6035	0.0797	0.08403	0.0868	0.09006	0.08174	0.07293	0.1293	0	0.1169	0.09973	0.1027	0.31295	0.5877	0.1754	0.097745	0.16015	0.09113	0.1423	0.3521	0.06124	0	0	0	0.1628	0.1233	0	0.1939	0.1393	0	0.1255	0.1958	0.08718	0	0.1757	0.1743	0	0	0.1831	0.4686	0.3	0	0.134332924528302	7.2539779245283
ENSG00000243104	ENSG00000243104.1	AC012363.10	0	0	0	0	0.1339	0	0.1749	0	0	0.076775	0.60385	0.4743	0	0	0	0	0	0	0.141	0	0.08915	0.073355	0	0.20835	0	0.1549	0.1007	0.1544	0	0.1429	0.3978	0	0	0	0	0.1316	0.1884	0	0.16205	0	0	0.1209	0.17625	0	0	0.1384	0.15025	0	0	0.17065	0.3011	0.2252	0	0.0885109433962264	4.77959094339623
ENSG00000234065	ENSG00000234065.2	MTND4P26	0.1208	0.1195	0.051035	0.1762	0.1952	0.1691	0.2558	0.09284	0.08692	0.12665	0.7051	0.6419	0.10245	0.09895	0.09558	0.1046	0.1167	0.07629	0.1707	0.098255	0.15265	0.14605	0.1281	0.33885	0.2664	0.2423	0.134	0.2262	0.1255	0.1977	0.3397	0.09394	0.06283	0.05172	0	0.2104	0.2124	0.052535	0.2827	0.2395	0.069265	0.1855	0.2609	0.1372	0.1138	0.1734	0.21445	0.1023	0.08171	0.2676	0.5525	0.3358	0	0.181178679245283	9.78364867924528
ENSG00000223549	ENSG00000223549.1	MTND5P28	0.10395	0.1027	0.04337	0.1412	0.1463	0.1504	0.2181	0.06995	0.07359	0.10215	0.5301	0.5029	0.08782	0.09469	0.07257	0.09588	0.09825	0.05951	0.1351	0.06491	0.1395	0.14075	0.1099	0.3585	0.3828	0.2147	0.1255	0.2044	0.1131	0.18845	0.1942	0.08568	0.04689	0.04701	0.01789	0.1732	0.1995	0.049455	0.2433	0.193	0.06582	0.1503	0.18285	0.1202	0.1066	0.1642	0.12455	0.08678	0.09599	0.21425	0.4666	0.2829	0.04146	0.155163490566038	8.37882849056604
ENSG00000238046	ENSG00000238046.1	MTND5P22	0	0	0	0	0	0	0	0	0	0	0	0	0	0	0	0	0	0	0	0	0	0	0	0	0	0	0	0	0	0	0	0	0	0	0	0	0	0	0	0	0	0	0	0	0	0	0	0	0	0	0	0	0	0	0
ENSG00000237722	ENSG00000237722.1	MTND1P29	0	0	0	0	0	0	0	0	0	0	0	0	0	0	0	0	0	0	0	0	0	0	0	0	0	0	0	0	0	0	0	0	0	0	0	0	0	0	0	0	0	0	0	0	0	0	0	0	0	0	0	0	0	0	0
ENSG00000231954	ENSG00000231954.1	MTND2P22	0	0	0	0	0	0	0	0	0	0	0	0	0	0	0	0	0	0	0	0	0	0	0	0	0	0	0	0	0	0	0	0	0	0	0	0	0	0	0	0	0	0	0	0	0	0	0	0	0	0	0	0	0	0	0
ENSG00000236211	ENSG00000236211.1	AC068137.5	0	0	0	0	0	0	0	0	0	0	0	0	0	0	0	0	0	0	0	0	0	0	0	0	0	0	0	0	0	0	0	0	0	0	0	0	0	0	0	0	0	0	0	0	0	0	0	0	0	0	0	0	0	0	0
ENSG00000230496	ENSG00000230496.1	AC068137.6	0	0	0	0	0	0	0	0	0	0	0	0	0	0	0	0	0	0	0	0	0	0	0	0	0	0	0	0	0	0	0	0	0	0	0	0	0	0	0	0	0	0	0	0	0	0	0	0	0	0	0	0	0	0	0
ENSG00000232990	ENSG00000232990.2	MTATP6P7	0	0	0	0	0	0	0	0	0	0	0	0	0	0	0	0	0	0	0	0	0	0	0	0	0	0	0	0	0	0	0	0	0	0	0	0	0	0	0	0	0	0	0	0	0	0	0	0	0	0	0	0	0	0	0
ENSG00000249997	ENSG00000249997.1	AC068137.8	0	0	0	0	0	0	0	0	0	0	0	0	0	0	0	0	0	0	0	0	0	0	0	0	0	0	0	0	0	0	0	0	0	0	0	0	0	0	0	0	0	0	0	0	0	0	0	0	0	0	0	0	0	0	0
ENSG00000230548	ENSG00000230548.1	MTND4P27	0	0	0	0	0	0	0	0	0	0	0	0	0	0	0	0	0	0	0	0	0	0	0	0	0	0	0	0	0	0	0	0	0	0	0	0	0	0	0	0	0	0	0	0	0	0	0	0	0	0	0	0	0	0	0
ENSG00000234934	ENSG00000234934.1	MTND5P29	0	0	0	0	0	0	0	0	0	0	0	0	0	0	0	0	0	0	0	0	0	0	0	0	0	0	0	0	0	0	0	0	0	0	0	0	0	0	0	0	0	0	0	0	0	0	0	0	0	0	0	0	0	0	0
ENSG00000248136	ENSG00000248136.1	MTND6P8	0	0	0	0	0	0	0	0	0	0	0	0	0	0	0	0	0	0	0	0	0	0	0	0	0	0	0	0	0	0	0	0	0	0	0	0	0	0	0	0	0	0	0	0	0	0	0	0	0	0	0	0	0	0	0
ENSG00000233550	ENSG00000233550.1	AC068137.11	0	0	0	0	0	0	0	0	0	0	0	0	0	0	0	0	0	0	0	0	0	0	0	0	0	0	0	0	0	0	0	0	0	0	0	0	0	0	0	0	0	0	0	0	0	0	0	0	0	0	0	0	0	0	0
ENSG00000233285	ENSG00000233285.1	AC073869.13	0	0	0	0	0	0	0	0	0	0	0	0	0	0	0	0	0	0	0	0	0	0	0	0	0	0	0	0	0	0	0	0	0	0	0	0	0	0	0	0	0	0	0	0	0	0	0	0	0	0	0	0	0	0	0
ENSG00000227275	ENSG00000227275.1	MTND6P10	0	0	0	0	0	0	0	0	0	0	0	0	0	0	0	0	0	0	0	0	0	0	0	0	0	0	0	0	0	0	0	0	0	0	0	0	0	0	0	0	0	0	0	0	0	0	0	0	0	0	0	0	0	0	0
ENSG00000235080	ENSG00000235080.1	MTND5P23	0	0	0	0	0	0	0	0	0	0	0	0	0	0	0	0	0	0	0	0	0	0	0	0	0	0	0	0	0	0	0	0	0	0	0	0	0	0	0	0	0	0	0	0	0	0	0	0	0	0	0	0	0	0	0
ENSG00000231777	ENSG00000231777.1	MTND4P21	0	0	0	0	0	0	0	0	0	0	0	0	0	0	0	0	0	0	0	0	0	0	0	0	0	0	0	0	0	0	0	0	0	0	0	0	0	0	0	0	0	0	0	0	0	0	0	0	0	0	0	0	0	0	0
ENSG00000227661	ENSG00000227661.1	AC073869.10	0	0	0	0	0	0	0	0	0	0	0	0	0	0	0	0	0	0	0	0	0	0	0	0	0	0	0	0	0	0	0	0	0	0	0	0	0	0	0	0	0	0	0	0	0	0	0	0	0	0	0	0	0	0	0
ENSG00000236590	ENSG00000236590.1	MTATP6P4	0	0	0	0	0	0	0	0	0	0	0	0	0	0	0	0	0	0	0	0	0	0	0	0	0	0	0	0	0	0	0	0	0	0	0	0	0	0	0	0	0	0	0	0	0	0	0	0	0	0	0	0	0	0	0
ENSG00000234480	ENSG00000234480.1	AC073869.8	0	0	0	0	0	0	0	0	0	0	0	0	0	0	0	0	0	0	0	0	0	0	0	0	0	0	0	0	0	0	0	0	0	0	0	0	0	0	0	0	0	0	0	0	0	0	0	0	0.736	0	0	0	0	0.0138867924528302	0.74988679245283
ENSG00000237910	ENSG00000237910.1	AC073869.7	0	0	0	0	0	0	0	0	0	0	0	0	0	0	0	0	0	0	0	0	0	0	0	0	0	0	0	0	0	0	0	0	0	0	0	0	0	0	0	0	0	0	0	0	0	0	0	0	0.2574	0	0	0	0	0.00485660377358491	0.262256603773585
ENSG00000234939	ENSG00000234939.1	MTND2P18	0	0	0	0	0	0	0	0	0	0	0	0	0	0	0	0	0	0	0	0	0	0	0	0	0	0	0	0	0	0	0	0	0	0	0	0	0	0	0	0	0	0	0	0	0	0	0	0	0.03271	0	0	0	0	0.000617169811320755	0.0333271698113208
ENSG00000234576	ENSG00000234576.1	MTND1P26	0	0	0	0	0	0	0	0	0	0	0	0	0	0	0	0	0	0	0	0	0	0	0	0	0	0	0	0	0	0	0	0	0	0	0	0	0	0	0	0	0	0	0	0	0	0	0	0	0	0	0	0	0	0	0
ENSG00000227149	ENSG00000227149.1	AC092156.3	0	0	0	0	0	0	0	0	0	0	0	0	0	0	0	0	0	0	0	0	0	0	0	0	0	0	0	0	0	0	0	0	0	0	0	0	0	0	0	0	0	0	0	0	0	0	0	0	0	0	0	0	0	0	0
ENSG00000231567	ENSG00000231567.1	MTND2P19	0	0	0	0	0	0	0	0	0	0	0	0	0	0	0	0	0	0	0	0	0	0	0	0	0	0	0	0	0	0	0	0	0	0	0	0	0	0	0	0	0	0	0	0	0	0	0	0	0	0	0	0	0	0	0
ENSG00000223921	ENSG00000223921.1	MTND1P27	0	0	0	0	0	0	0	0	0	0	0	0	0	0	0	0	0	0	0	0	0	0	0	0	0	0	0	0	0	0	0	0	0	0	0	0	0	0	0	0	0	0	0	0	0	0	0	0	0	0	0	0	0	0	0
ENSG00000224288	ENSG00000224288.2	AC013437.2	0	0	0	0	0	0	0	0	0	0	0	0	0	0	0	0	0	0	0	0	0	0	0	0	0	0	0	0	0	0	0	0	0	0	0	0	0	0	0	0	0	0	0	0	0	0	0	0	0	0	0	0	0	0	0
ENSG00000226839	ENSG00000226839.1	MTND6P11	0	0	0	0	0	0	0	0	0	0	0	0	0	0	0	0	0	0	0	0	0	0	0	0	0	0	0	0	0	0	0	0	0	0	0	0	0	0	0	0	0	0	0	0	0	0	0	0	0	0	0	0	0	0	0
ENSG00000224852	ENSG00000224852.1	MTND5P24	0	0	0	0	0	0	0	0	0	0	0	0	0	0	0	0	0	0	0	0	0	0	0	0	0	0	0	0	0	0	0	0	0	0	0	0	0	0	0	0	0	0	0	0	0	0	0	0	0	0	0	0	0	0	0
ENSG00000232772	ENSG00000232772.1	MTND4P22	0	0	0	0	0	0	0	0	0	0	0	0	0	0	0	0	0	0	0	0	0	0	0	0	0	0	0	0	0	0	0	0	0	0	0	0	0	0	0	0	0	0	0	0	0	0	0	0	0	0	0	0	0.03331	0.000628490566037736	0.0339384905660377
ENSG00000236300	ENSG00000236300.2	AC013437.4	0	0	0	0	0	0	0	0	0	0	0	0	0	0	0	0	0	0	0	0	0	0	0	0	0	0	0	0	0	0	0	0	0	0	0	0	0	0	0	0	0	0	0	0	0	0	0	0	0	0	0	0	0	0	0
ENSG00000227557	ENSG00000227557.1	MTND3P9	0	0	0	0	0	0	0	0	0	0	0	0	0	0	0	0	0	0	0	0	0	0	0	0	0	0	0	0	0	0	0	0	0	0	0	0	0	0	0	0	0	0	0	0	0	0	0	0	0	0	0	0	0.2125	0.00400943396226415	0.216509433962264
ENSG00000225476	ENSG00000225476.1	AC013437.6	0	0	0	0	0	0	0	0	0	0	0	0	0	0	0	0	0	0	0	0	0	0	0	0	0	0	0	0	0	0	0	0	0	0	0	0	0	0	0	0	0	0	0	0	0	0	0.1712	0	0	0	0	0	0.3597	0.0100169811320755	0.540916981132076
ENSG00000231766	ENSG00000231766.1	AC013437.7	0	0	0	0	0	0	0	0	0	0	0	0	0	0	0	0	0	0	0	0	0	0	0	0	0	0	0	0	0	0	0	0	0	0	0	0	0	0	0	0	0	0	0	0	0	0	0	0	0	0	0	0	0	0	0
ENSG00000232982	ENSG00000232982.1	AC092662.2	0	0	0	0	0	0	0	0	0	0	0	0	0	0	0	0	0	0	0	0	0	0	0	0	0	0	0	0	0	0	0	0	0	0	0	0	0	0	0	0	0	0	0	0	0	0	0	0	0	0	0	0	0	0	0
ENSG00000229701	ENSG00000229701.1	MTND2P20	0	0	0	0	0	0	0	0	0	0	0	0	0	0	0	0	0	0	0	0	0	0	0	0	0	0	0	0	0	0	0	0	0	0	0	0	0	0	0	0	0	0	0	0	0	0	0	0	0	0	0	0	0	0	0
ENSG00000233709	ENSG00000233709.1	MTND4P28	0	0	0	0	0	0	0	0	0	0	0	0	0	0	0	0	0	0	0	0	0	0	0	0	0	0	0	0	0	0	0	0	0	0	0	0	0	0	0	0	0	0	0	0	0	0	0	0	0	0	0	0	0	0	0
ENSG00000233039	ENSG00000233039.1	MTND5P30	0	0	0	0	0	0	0	0	0	0	0	0	0	0	0	0	0	0	0	0	0	0	0	0	0	0	0	0	0	0	0	0	0	0	0	0	0	0	0	0	0	0	0	0	0	0	0	0	0	0	0	0	0	0	0
ENSG00000233248	ENSG00000233248.1	MTND6P9	0	0	0	0	0	0	0	0	0	0	0	0	0	0	0	0	0	0	0	0	0	0	0	0	0	0	0	0	0	0	0	0	0	0	0	0	0	0	0	0	0	0	0	0	0	0	0	0	0	0	0	0	0	0	0
ENSG00000229935	ENSG00000229935.1	AC092662.6	0	0	0	0	0	0	0	0	0	0	0	0	0	0	0	0	0	0	0	0	0	0	0	0	0	0	0	0	0	0	0	0	0	0	0	0	0	0	0	0	0	0	0	0	0	0	0	0	0	0	0	0	0	0	0
ENSG00000227348	ENSG00000227348.1	MTND5P25	0.1299	0.1028	0	0	0	0	0	0	0	0	0	0	0	0	0	0	0	0	0.06727	0	0.114	0.05052	0	0	0.1509	0	0.13415	0	0.1061	0	0	0.03458	0.02852	0.05174	0	0.2086	0.1247	0	0.07246	0	0.048395	0	0.058355	0.04651	0.04374	0.1792	0.26315	0.064715	0	0.14195	0.1097	0.09915	0	0.0458699056603774	2.47697490566038
ENSG00000225796	ENSG00000225796.2	MTND4P23	0.2162	0.1247	0.04444	0.04298	0.04139	0	0.0294	0.03932	0.03895	0.053305	0	0	0.04655	0.02637	0.03487	0.06025	0.02833	0.032035	0.1216	0.062515	0.14205	0.088925	0.02336	0.07815	0.08802	0.05588	0.1969	0.060085	0.1364	0.05888	0	0.05477	0.04633	0.05495	0.05727	0.3016	0.1863	0.035205	0.12065	0.02754	0.090795	0.03458	0.10081	0.06907	0.06829	0.266	0.30665	0.11675	0	0.1948	0.1107	0.1447	0	0.0822568867924528	4.44187188679245
ENSG00000235318	ENSG00000235318.3	AC005037.6	0.12075	0	0	0	0	0	0	0	0	0	0	0	0	0	0	0	0	0	0	0	0	0	0	0	0	0	0.1308	0	0	0	0	0	0	0	0	0.1857	0.1161	0	0	0	0	0	0	0	0	0.2062	0.2607	0	0	0	0	0	0	0.01925	1.0395
ENSG00000234842	ENSG00000234842.1	AC007163.8	0.100315	0	0.13035	0.1808	0.1837	0	0	0.1088	0.08294	0.08753	0.07108	0	0.07149	0.08174	0.1122	0.1301	0.1076	0.08819	0.7768	0.1706	0.0914	0	0.1759	0.0718	0	0	0	0	0	0	0	0.09663	0.02691	0	0	0.1303	0	0	0.066175	0.2435	0	0.3163	0	0	0	0	0	0	0.385	0	0.06868	0	0	0.0784307547169811	4.23526075471698
ENSG00000224299	ENSG00000224299.1	AC007282.6	0	0	0.13395	0.1647	0.2008	0	0	0.066585	0.1097	0.09067	0	0	0.062995	0.06607	0.08743	0.1145	0.1261	0.046755	0.4862	0.09778	0.06701	0	0.2132	0	0	0	0	0	0	0	0	0.07146	0	0	0	0.1101	0	0	0	0.2389	0	0.2161	0	0	0	0	0	0	0.3191	0	0	0	0	0.0583038679245283	3.14840886792453
ENSG00000227736	ENSG00000227736.1	AC007163.9	0	0	0	0	0	0	0	0	0	0	0	0	0	0	0	0	0	0	0	0	0	0	0	0	0	0	0	0	0	0	0	0	0	0	0	0	0	0	0	0	0	0	0	0	0	0	0	0	0.1178	0	0	0	0	0.00222264150943396	0.120022641509434
ENSG00000224590	ENSG00000224590.1	AC007163.10	0	0	0	0	0	0	0	0	0	0	0	0	0	0	0	0	0	0	0	0	0	0	0	0	0	0	0	0	0	0	0	0	0	0	0	0	0	0	0	0	0	0	0	0	0	0	0	0	0	0	0	0	0	0	0
ENSG00000234731	ENSG00000234731.2	AC007163.11	0	0	0	0	0	0	0	0	0	0	0	0	0	0	0	0	0	0	0	0	0	0	0	0	0	0	0	0	0	0	0	0	0	0	0	0	0	0	0	0	0	0	0	0	0	0	0	0	0	0	0	0	0	0	0
ENSG00000249177	ENSG00000249177.1	MTND4P29	0	0	0	0	0	0	0	0	0	0	0	0	0	0	0	0	0.01837	0	0	0	0	0	0	0	0	0	0	0	0	0	0	0	0	0	0	0	0	0	0	0	0	0	0	0	0	0	0	0	0.2153	0	0	0	0	0.0044088679245283	0.238078867924528
ENSG00000223619	ENSG00000223619.1	AC009960.1	0	0	0	0	0	0	0	0	0	0	0.050995	0.09239	0	0	0	0	0	0	0	0	0	0	0	0	0	0	0	0	0	0	0.1081	0	0	0	0	0	0	0	0	0	0	0	0	0	0	0	0	0	0	0	0	0	0	0.004745	0.25623
ENSG00000233888	ENSG00000233888.2	AC009960.2	0	0	0	0	0	0	0	0	0	0	0	0.05471	0	0	0	0	0	0	0	0	0	0	0	0	0	0	0	0	0	0	0	0	0	0	0	0	0	0	0	0	0	0	0	0	0	0	0	0	0	0	0	0	0	0.0010322641509434	0.0557422641509434
ENSG00000235433	ENSG00000235433.1	AC009960.4	0	0	0	0	0	0	0	0	0	0	0.04179	0.04887	0	0	0	0	0	0	0	0	0	0	0	0	0	0	0	0	0	0	0	0	0	0	0	0	0	0	0	0	0	0	0	0	0	0	0	0	0	0	0	0	0	0.00171056603773585	0.0923705660377358
ENSG00000237542	ENSG00000237542.1	AC009960.5	0	0	0	0	0	0	0	0	0	0	0	0	0	0	0	0	0	0	0	0	0	0	0	0	0	0	0	0	0	0	0	0	0	0	0	0	0	0	0	0	0	0	0	0	0	0	0	0	0	0	0	0	0	0	0
ENSG00000233134	ENSG00000233134.1	AC009960.7	0	0	0	0	0	0	0	0	0	0	0	0	0	0	0	0	0	0	0	0	0	0	0	0	0	0	0	0	0	0	0	0	0	0	0	0	0	0	0	0	0	0	0	0	0	0	0	0	0	0	0	0	0	0	0
ENSG00000241221	ENSG00000241221.2	AC009960.6	0	0	0	0	0	0	0	0	0	0	0	0	0	0	0	0	0	0	0	0	0	0	0	0	0	0	0	0	0	0	0	0	0	0	0	0	0	0	0	0	0	0	0	0	0	0	0	0	0	0	0	0	0	0	0
ENSG00000227454	ENSG00000227454.2	MTND4P30	0	0	0	0	0	0	0	0	0	0	0	0	0	0	0	0	0	0	0	0	0	0	0	0	0	0	0	0	0	0	0.03752	0	0	0	0	0	0	0	0	0	0	0	0	0	0	0	0	0	0	0	0	0	0	0.000707924528301887	0.0382279245283019
ENSG00000233311	ENSG00000233311.1	AC009960.3	0	0	0	0	0	0	0	0	0	0	0	0	0	0	0	0	0	0	0	0	0	0	0	0	0	0	0	0	0	0	0	0	0	0	0	0	0	0	0	0	0	0	0	0	0	0	0	0	0	0	0	0	0	0	0
ENSG00000232631	ENSG00000232631.1	MTND2P23	0	0	0	0	0	0	0	0	0	0	0	0	0	0	0	0	0	0	0	0	0	0	0	0	0	0	0	0	0	0	0	0	0	0	0	0	0	0	0	0	0	0	0	0	0	0	0	0	0	0	0	0	0	0	0
ENSG00000236007	ENSG00000236007.1	AC105921.5	0	0	0	0	0	0	0	0	0	0	0	0.04405	0	0	0	0	0	0	0	0	0	0	0	0	0	0	0	0	0	0	0	0	0	0	0	0	0	0	0	0	0	0	0	0	0	0	0	0	0	0	0	0	0	0.000831132075471698	0.0448811320754717
ENSG00000225911	ENSG00000225911.1	AC009310.1	0	0	0	0	0	0	0	0	0	0	0	0	0	0	0	0	0	0	0	0	0	0	0	0	0	0	0	0	0	0	0	0	0	0	0	0	0	0	0	0	0	0	0	0	0	0	0	0	0	0	0	0	0	0	0
ENSG00000233026	ENSG00000233026.1	AC026166.2	0	0	0	0	0	0	0	0	0	0	0	0.1411	0	0	0	0	0	0	0	0	0	0	0	0	0	0	0	0	0	0	0	0	0	0	0	0	0	0	0	0	0	0	0	0	0	0	0	0	0	0	0	0	0	0.0026622641509434	0.143762264150943
ENSG00000227795	ENSG00000227795.1	AC092796.1	0	0	0	0	0	0	0	0	0	0	0	0	0	0	0	0	0	0	0	0	0	0	0	0	0	0	0	0	0	0	0	0	0	0	0	0	0	0	0	0	0	0	0	0	0	0	0	0	0	0	0	0	0	0	0
ENSG00000239568	ENSG00000239568.1	RP11-654C22.1	0	0	0	0	0	0	0	0	0	0	0	0	0	0	0	0	0	0	0	0	0	0	0	0	0	0	0	0	0	0	0	0	0	0	0	0	0	0	0	0	0	0	0	0	0	0	0	0	0	0	0	0	0	0	0
ENSG00000240951	ENSG00000240951.1	RP11-91A15.2	0	0	0	0	0	0	0	0	0	0	0	0	0	0	0	0	0	0	0	0	0	0	0	0	0	0	0	0	0	0	0	0	0	0	0	0	0	0	0	0	0	0	0	0	0	0	0	0	0	0	0	0	0	0	0
ENSG00000240309	ENSG00000240309.1	RP11-91A15.1	0	0	0	0	0	0	0	0	0	0	0	0	0	0	0	0	0	0	0	0	0	0	0	0	0	0	0	0	0	0	0	0	0	0	0	0	0	0	0	0	0	0	0	0	0	0	0	0	0	0	0	0	0	0	0
ENSG00000269028	ENSG00000269028.2	MTRNR2L12	2.5055	2.567	5.601	1.532	2.094	2.44	1.648	16.195	13.94	13.895	7.256	7.113	11.61	11.96	14.61	12.5	14.69	15.035	10.33	16.205	2.2235	2.5695	1.849	0.8561	1.182	3.39	3.4325	3.4045	2.045	3.213	1.234	5.967	8.184	5.979	3.394	2.539	1.657	4.179	2.153	1.418	1.0625	2.416	2.89	2.52	2.521	2.674	1.897	3.436	3.869	2.3975	1.493	1.613	1.439	5.18535094339623	280.008950943396
ENSG00000241787	ENSG00000241787.1	MTND4P16	0	0	0	0	0	0	0	0	0	0	0	0	0	0	0	0	0	0	0	0	0	0	0	0	0	0	0	0	0	0	0	0	0	0	0	0	0	0	0	0	0	0	0	0	0	0	0	0	0	0	0	0	0	0	0
ENSG00000239632	ENSG00000239632.1	RP11-52L11.9	0	0	0	0	0	0	0	0	0	0	0	0	0	0	0	0	0	0	0	0	0	0	0	0	0	0	0	0	0	0	0	0	0	0	0	0	0	0	0	0	0	0	0	0	0	0	0	0	0	0	0	0	0	0	0
ENSG00000242214	ENSG00000242214.1	MTND3P6	0	0	0	0	0	0	0	0	0	0	0	0	0	0	0	0	0	0	0	0	0	0	0	0	0	0	0	0	0	0	0	0	0	0	0	0	0	0	0	0	0	0	0	0	0	0	0	0	0	0	0	0	0	0	0
ENSG00000242836	ENSG00000242836.1	RP11-52L11.7	0	0	0	0	0	0	0	0	0	0	0	0	0	0	0	0	0	0	0	0	0	0	0	0	0	0	0	0	0	0	0	0	0	0	0	0	0	0	0	0	0	0	0	0	0	0	0	0	0	0	0	0	0	0	0
ENSG00000249580	ENSG00000249580.1	RP11-52L11.6	0	0	0	0	0	0	0	0	0	0	0	0	0	0	0	0	0	0	0	0	0	0	0	0	0	0	0	0	0	0	0	0	0	0	0	0	0	0	0	0	0	0	0	0	0	0	0	0	0	0	0	0	0	0	0
ENSG00000243658	ENSG00000243658.1	MTND5P16	0	0	0	0	0	0	0	0	0.02915	0.03423	0	0.01774	0.03358	0.04253	0	0.02845	0.0309	0.02367	0	0	0	0	0	0	0	0	0	0	0	0	0	0	0	0	0	0	0	0	0	0	0	0	0	0	0	0	0	0	0	0	0	0	0	0.00453301886792453	0.244783018867925
ENSG00000240034	ENSG00000240034.1	MTND6P6	0	0	0	0	0	0	0	0	0	0	0	0	0	0	0	0	0	0	0	0	0	0	0	0	0	0	0	0	0	0	0	0	0	0	0	0	0	0	0	0	0	0	0	0	0	0	0	0	0	0	0	0	0	0	0
ENSG00000250630	ENSG00000250630.1	RP11-52L11.4	0	0	0	0	0	0	0	0	0	0	0	0	0	0	0	0	0	0	0	0	0	0	0	0	0	0	0	0	0	0	0	0	0	0	0	0	0	0	0	0	0	0	0	0	0	0	0	0	0	0	0	0	0	0	0
ENSG00000239586	ENSG00000239586.1	MTND1P16	0	0	0	0	0	0	0	0	0	0	0	0	0	0	0	0	0	0	0	0	0	0	0	0	0	0	0	0	0	0	0	0	0	0	0	0	0	0	0	0	0	0	0	0	0	0	0	0	0	0	0	0	0	0	0
ENSG00000240796	ENSG00000240796.1	MTND2P14	0	0	0	0	0	0	0	0	0	0	0	0	0	0	0	0	0	0	0	0	0	0	0	0	0	0	0	0	0	0	0	0	0	0	0	0	0	0	0	0	0	0	0	0	0	0	0	0	0	0	0	0	0	0	0
ENSG00000240452	ENSG00000240452.1	RP11-567P17.1	0	0	0	0	0	0	0	0	0	0	0	0	0	0	0	0	0	0	0	0	0	0	0	0	0	0	0	0	0	0	0	0	0	0	0	0	0	0	0	0	0	0	0	0	0	0	0	0	0	0	0	0	0	0	0
ENSG00000243257	ENSG00000243257.1	RP11-567P17.2	0	0	0	0	0	0	0	0	0	0	0	0	0	0	0	0	0	0	0	0	0	0	0	0	0	0	0	0	0	0	0	0	0	0	0	0	0	0	0	0	0	0	0	0	0	0	0	0	0	0	0	0	0	0	0
ENSG00000242178	ENSG00000242178.1	MTND4P17	0	0	0	0	0	0	0	0	0	0	0	0	0	0	0	0	0	0	0	0	0	0	0	0	0	0	0	0	0	0	0	0	0	0	0	0	0	0	0	0	0	0	0	0	0	0	0	0	0	0	0	0	0	0	0
ENSG00000240084	ENSG00000240084.1	RP11-12N13.6	0	0	0	0	0	0	0	0	0	0	0	0	0	0	0	0	0	0	0	0	0	0	0	0	0	0	0	0	0	0	0	0	0	0	0	0	0	0	0	0	0	0	0	0	0	0	0	0	0	0	0	0	0	0	0
ENSG00000240824	ENSG00000240824.1	MTND3P7	0	0	0	0	0	0	0	0	0	0	0	0	0	0	0	0	0	0	0	0	0	0	0	0	0	0	0	0	0	0	0	0	0	0	0	0	0	0	0	0	0	0	0	0	0	0	0	0	0	0	0	0	0	0	0
ENSG00000242456	ENSG00000242456.1	RP11-12N13.4	0	0	0	0	0	0	0	0	0	0	0	0	0	0	0	0	0	0	0	0	0	0	0	0	0	0	0	0	0	0	0	0	0	0	0	0	0	0	0	0	0	0	0	0	0	0	0	0	0	0	0	0	0	0	0
ENSG00000234594	ENSG00000234594.1	RP11-263C16.2	0	0	0	0	0	0	0	0	0	0	0	0	0	0	0	0	0	0	0	0	0	0	0	0	0	0	0	0	0	0	0	0	0	0	0	0	0	0	0	0	0	0	0	0	0	0	0	0	0	0	0	0	0	0	0
ENSG00000231888	ENSG00000231888.1	MTND5P15	0	0	0	0	0	0	0	0	0	0	0	0	0	0	0	0	0	0	0	0	0	0	0	0	0	0	0	0	0	0	0	0	0	0	0	0	0	0	0	0	0	0	0	0	0	0	0	0	0	0	0	0	0	0	0
ENSG00000249780	ENSG00000249780.1	RP11-352E6.2	0.4576	0.3884	0.5796	0.1971	0.2079	0.3766	0	0.7771	0.6526	0.67815	0.5033	0.4005	0.57945	0.644	0.6618	0.6358	0.5645	0.6252	0.5174	0.5864	0.42595	0.21795	0.1727	0.08355	0.4682	0.3668	0.44745	0.38705	0.2439	0.38155	0.1961	0.6844	0.9559	0.7293	0.4512	0.2992	0.3393	0.5514	0.3522	0.1917	0.12155	0.3051	0.38955	0.4476	0.4641	0.3441	0.2054	0.40525	0.3794	0.49805	0.1897	0.2091	0.1447	0.416656603773585	22.4994566037736
ENSG00000251252	ENSG00000251252.1	MTND2P31	0	0	0	0	0	0	0	0	0	0	0	0	0	0	0	0	0	0	0	0	0	0	0	0	0	0	0	0	0	0	0	0	0	0	0	0	0	0	0	0	0	0	0	0	0	0	0	0	0	0	0	0	0	0	0
ENSG00000251212	ENSG00000251212.1	MTND5P4	0	0	0	0	0	0	0	0	0	0	0	0	0	0	0	0	0	0	0	0	0	0	0	0	0	0	0	0	0	0	0	0	0	0	0	0	0	0	0	0	0	0	0	0	0	0	0	0	0	0	0	0	0	0	0
ENSG00000250050	ENSG00000250050.1	MTND4P9	0	0.03317	0	0	0	0	0	0.040005	0.06802	0.04876	2.7825	2.895	0.070725	0.06767	0.02691	0.03873	0.02931	0.016905	0.02297	0.020865	0	0.3614	0	0.036115	0	0	0.079875	0	0	0	0	0	0	0.03071	0	0.1689	0.1907	0	0.1811	0	0.077415	0	0	0	0	0.1498	0.22785	0.072505	0	0.045665	0	0	0	0.146859905660377	7.93043490566038
ENSG00000248133	ENSG00000248133.1	RP11-302F12.7	0	0	0	0	0	0	0	0	0	0	0.43985	0.5663	0	0	0	0	0	0	0	0	0	0	0	0	0.1815	0	0	0	0	0	0	0	0	0	0	0	0	0	0	0	0	0	0	0	0	0	0	0	0	0	0	0	0	0.0224084905660377	1.21005849056604
ENSG00000251353	ENSG00000251353.1	MTND3P5	0	0	0	0	0	0	0	0	0	0	0.80365	0.9841	0	0	0	0	0	0	0	0	0	0	0	0	0	0	0	0	0	0	0	0	0	0	0	0	0	0	0	0	0	0	0	0	0	0	0	0	0	0	0	0	0	0.0337311320754717	1.82148113207547
ENSG00000248654	ENSG00000248654.1	RP11-302F12.5	0	0	0	0	0	0	0	0	0	0	0.70225	0.8465	0	0	0	0	0	0	0	0	0	0.07981	0	0	0	0	0	0	0	0	0	0	0	0	0	0	0.05643	0	0	0	0	0	0	0	0	0	0	0	0	0	0	0	0	0.0317922641509434	1.71678226415094
ENSG00000250624	ENSG00000250624.1	RP11-93M12.1	0	0	0	0.05839	0	0	0	0	0	0	0	0	0	0	0	0	0	0	0	0	0	0	0	0	0	0	0	0	0	0	0	0	0	0	0	0	0	0	0	0	0	0	0	0	0	0	0	0	0	0	0.0675	0	0	0.00237528301886792	0.128265283018868
ENSG00000268736	ENSG00000268736.1	RP11-1281K21.6	0	0	0	0	0	0	0	0	0	0	0	0	0	0	0	0	0	0	0	0	0	0	0	0	0	0	0	0	0	0	0	0	0	0	0	0	0	0	0	0	0	0	0	0	0	0	0	0	0	0	0	0	0	0	0
ENSG00000248946	ENSG00000248946.2	RP11-1281K21.7	0	0	0	0	0	0	0	0	0	0	0	0	0	0	0	0	0	0	0	0	0	0	0	0	0	0	0	0	0	0	0	0	0	0	0	0	0	0	0	0	0	0	0	0	0	0	0	0	0	0	0	0	0	0	0
ENSG00000268967	ENSG00000268967.1	RP11-1281K21.10	0	0	0	0	0	0	0	0	0	0	0	0	0	0	0	0	0	0	0	0	0	0	0	0	0	0	0	0	0	0	0	0	0	0	0	0	0	0	0	0	0	0	0	0	0	0	0	0	0	0	0	0	0	0	0
ENSG00000268391	ENSG00000268391.1	RP11-241F15.6	0	0	0	0	0	0	0	0	0	0	0	0	0	0	0	0	0	0	0	0	0	0	0	0	0	0	0	0	0	0	0	0	0	0	0	0	0	0	0	0	0	0	0	0	0	0	0	0	0	0	0	0	0	0	0
ENSG00000251430	ENSG00000251430.1	RP11-63H19.1	0	0	0	0	0	0	0	0	0	0	0	0	0	0	0	0	0	0	0	0	0	0	0	0	0	0	0	0	0	0	0	0	0	0	0	0	0	0	0	0	0	0	0	0	0	0	0	0	0	0	0	0	0	0	0
ENSG00000251385	ENSG00000251385.2	RP11-63H19.2	0	0	0	0	0	0	0	0	0	0	0	0	0	0	0	0	0	0	0	0	0	0	0	0	0	0	0	0	0	0	0	0	0	0	0	0	0	0	0	0	0	0	0	0	0	0	0	0	0	0	0	0	0	0	0
ENSG00000249893	ENSG00000249893.1	MTND6P16	0	0	0	0	0	0	0	0	0	0	0	0	0	0	0	0	0	0	0	0	0	0	0	0	0	0	0	0	0	0	0	0	0	0	0	0	0	0	0	0	0	0	0	0	0	0	0	0	0	0	0	0	0	0	0
ENSG00000250169	ENSG00000250169.1	MTND5P13	0	0	0	0	0	0	0	0	0	0	0	0	0	0	0	0	0	0	0	0	0	0	0	0	0	0	0	0	0	0	0	0	0	0	0	0	0	0	0	0	0	0	0	0	0	0	0	0	0	0	0	0	0	0	0
ENSG00000248259	ENSG00000248259.1	RP11-63H19.5	0	0	0	0	0	0	0	0	0	0	0	0	0	0	0	0	0	0	0	0	0	0	0	0	0	0	0	0	0	0	0	0	0	0	0	0	0	0	0	0	0	0	0	0	0	0	0	0	0	0	0	0	0	0	0
ENSG00000249045	ENSG00000249045.1	RP11-63H19.8	0	0	0	0	0	0	0	0	0	0	0	0	0	0	0	0	0	0	0	0	0	0	0	0	0	0	0	0	0	0	0	0	0	0	0	0	0	0	0	0	0	0	0	0	0	0	0	0	0	0	0	0	0	0	0
ENSG00000248328	ENSG00000248328.1	RP11-63H19.6	0	0	0	0	0	0	0	0	0	0	0	0	0	0	0	0	0	0	0	0	0	0	0	0	0	0	0	0	0	0	0	0	0	0	0	0	0	0	0	0	0	0	0	0	0	0	0	0	0	0	0	0	0	0	0
ENSG00000249072	ENSG00000249072.1	RP11-777B9.5	0	0	0.2352	0	0	0	0	0.9125	0.6537	0.61295	0.38115	0.3578	0.4451	0.5649	0.6724	0.6892	0.6724	0.62775	0.5402	0.6868	0	0.1732	0	0	0.3369	0.2002	0.19255	0.20055	0	0.115975	0	0.2599	0.3598	0.3671	0.1641	0	0	0.1887	0	0	0	0	0.23475	0.1228	0.1613	0.132	0	0.17285	0.2406	0.459	0	0	0	0.228949528301887	12.3632745283019
ENSG00000248282	ENSG00000248282.1	RP11-112L18.1	0	0	0	0	0	0	0	0	0	0	0	0	0	0	0	0	0	0	0	0	0	0	0	0	0	0	0	0	0	0	0	0	0	0	0	0	0	0	0	0	0	0	0	0	0	0	0	0	0	0	0	0	0	0	0
ENSG00000251449	ENSG00000251449.2	MTND1P19	0	0	0	0	0	0	0	0	0	0	0.1368	0.3079	0	0	0	0	0	0	0	0	0	0	0	0	0	0	0	0	0	0	0	0	0	0	0	0	0	0	0	0	0	0	0	0	0	0	0	0	0	0	0	0	0	0.00839056603773585	0.453090566037736
ENSG00000270394	ENSG00000270394.1	MTRNR2L13	0	0	0	0	0	0	0	0	0	0	0	0	0	0	0	0	0	0	0	0	0	0	0	0	0	0	0	0	0	0	0	0	0	0	0	0	0	0	0	0	0	0	0	0	0	0	0	0	0	0	0	0	0	0	0
ENSG00000249247	ENSG00000249247.1	RP11-627H22.9	0	0	0	0	0	0	0	0	0	0	0	0	0	0	0	0	0	0	0	0	0	0	0	0	0	0	0	0	0	0	0	0	0	0	0	0	0	0	0	0	0	0	0	0	0	0	0	0	0	0	0	0	0	0	0
ENSG00000249770	ENSG00000249770.1	MTND6P17	0	0	0	0	0	0	0	0	0	0	0	0	0	0	0	0	0	0	0	0	0	0	0	0	0	0	0	0	0	0	0	0	0	0	0	0	0	0	0	0	0	0	0	0	0	0	0	0	0	0	0	0	0	0	0
ENSG00000248748	ENSG00000248748.1	MTND5P9	0	0	0	0	0	0	0	0	0	0	0	0	0	0	0	0	0	0	0	0	0	0	0	0	0	0	0	0	0	0	0	0	0	0	0	0	0	0	0	0	0	0	0	0	0	0	0	0	0	0	0	0	0	0	0
ENSG00000248548	ENSG00000248548.1	MTND4P8	0	0	0	0	0	0	0	0	0	0	0	0	0	0	0	0	0	0	0	0	0	0	0	0	0	0	0	0	0	0	0	0	0	0	0	0	0	0	0	0	0	0	0	0	0	0	0	0	0	0	0	0	0	0	0
ENSG00000249127	ENSG00000249127.1	MTND3P3	0	0	0	0	0	0	0	0	0	0	0	0	0	0	0	0	0	0	0	0	0	0	0	0	0	0	0	0	0	0	0	0	0	0	0	0	0	0	0	0	0	0	0	0	0	0	0	0	0	0	0	0	0	0	0
ENSG00000249698	ENSG00000249698.1	RP11-627H22.8	0	0	0	0	0	0	0	0	0	0	0	0	0	0	0	0	0	0	0	0	0	0	0	0	0	0	0	0	0	0	0	0	0	0	0	0	0	0	0	0	0	0	0	0	0	0	0	0	0	0	0	0	0	0	0
ENSG00000248420	ENSG00000248420.1	MTATP6P9	0	0	0	0	0	0	0	0	0	0	0	0	0	0	0	0	0	0	0	0	0	0	0	0	0	0	0	0	0	0	0	0	0	0	0	0	0	0	0	0	0	0	0	0	0	0	0	0	0	0	0	0	0	0	0
ENSG00000249386	ENSG00000249386.1	RP11-627H22.6	0	0	0	0	0	0	0	0	0	0	0	0	0	0	0	0	0	0	0	0	0	0	0	0	0	0	0	0	0	0	0	0	0	0	0	0	0	0	0	0	0	0	0	0	0	0	0	0	0	0	0	0	0	0	0
ENSG00000251223	ENSG00000251223.1	RP11-627H22.5	0	0	0	0	0	0	0	0	0	0	0	0	0	0	0	0	0	0	0	0	0	0	0	0	0	0	0	0	0	0	0	0	0	0	0.0186	0	0	0	0	0	0	0	0	0	0	0	0	0	0	0	0	0	0	0.000350943396226415	0.0189509433962264
ENSG00000248907	ENSG00000248907.1	MTND2P33	0	0	0	0	0	0	0	0	0	0	0	0	0	0	0	0	0	0	0	0	0	0	0	0	0	0	0	0	0	0	0	0	0	0	0	0	0	0	0	0	0	0	0	0	0	0	0	0	0	0	0	0	0	0	0
ENSG00000251407	ENSG00000251407.1	MTND1P22	0	0	0	0	0	0	0	0	0	0	0	0	0	0	0	0	0	0	0	0	0	0	0	0	0	0	0	0	0	0	0	0	0	0	0	0	0	0	0	0	0	0	0	0	0	0	0	0	0	0	0	0	0	0	0
ENSG00000250839	ENSG00000250839.1	RP11-296L20.1	0	0	0	0	0	0	0	0	0	0	0	0	0	0	0	0	0	0	0	0	0	0	0	0	0	0	0	0	0	0	0	0	0	0	0	0	0	0	0	0	0	0	0	0	0	0	0	0	0	0	0	0	0	0	0
ENSG00000248770	ENSG00000248770.1	RP11-665C14.1	0	0	0	0	0	0	0	0	0	0	0	0	0	0	0	0	0	0	0	0	0	0	0	0	0	0	0	0	0	0	0	0	0	0	0	0	0	0	0	0	0	0	0	0	0	0	0	0	0	0	0	0	0	0	0
ENSG00000248951	ENSG00000248951.2	RP11-325I22.1	0	0	0	0	0	0	0	0	0	0	0	0	0	0	0	0	0	0	0	0	0	0	0	0	0	0	0	0	0	0	0	0	0	0	0	0	0	0	0	0	0	0	0	0	0	0	0	0	0.2893	0	0	0	0	0.00545849056603774	0.294758490566038
ENSG00000248729	ENSG00000248729.1	RP11-531A21.3	0	0	0.017285	0	0	0	0	0	0	0	0	0	0	0	0	0	0	0	0	0	0	0.34055	0.1056	0	0	0	0	0	0	0	0	0	0	0	0.05355	0	0.1161	0	0.12505	0.09686	0.0785	0.1415	0	0	0	0.0627	0.11435	0	0.2452	0.1233	0	0	0	0.030576320754717	1.65112132075472
ENSG00000250808	ENSG00000250808.1	RP11-531A21.4	0	0	0	0	0	0	0	0	0	0	0	0	0	0	0	0	0	0	0	0	0	0.23535	0.08799	0	0	0	0	0	0	0	0	0	0	0	0	0	0	0	0	0	0	0	0	0	0	0	0.037815	0	0.2295	0	0	0	0	0.0111444339622642	0.601799433962264
ENSG00000251476	ENSG00000251476.2	RP11-531A21.2	0	0	0	0	0	0	0	0	0	0	0	0	0	0	0	0	0	0	0	0	0	0.24835	0.09692	0.0662	0	0	0	0	0	0	0	0	0	0	0	0	0.0775	0	0.067	0	0.05373	0.04442	0	0	0	0.04407	0	0	0.1724	0.09326	0	0	0	0.0181858490566038	0.982035849056604
ENSG00000250389	ENSG00000250389.1	MTND6P2	0	0	0	0	0	0	0	0	0	0	0	0	0	0	0	0	0	0	0	0	0	0	0	0	0	0	0	0	0	0	0	0	0	0	0	0	0	0	0	0	0	0	0	0	0	0	0	0	0	0	0	0	0	0	0
ENSG00000248765	ENSG00000248765.1	RP11-417J1.3	0	0	0	0	0	0	0	0	0	0	0	0	0	0	0	0	0	0	0	0	0	0	0	0	0	0	0	0	0	0	0	0	0	0	0	0	0	0	0	0	0	0	0	0	0	0	0	0	0	0	0	0	0	0	0
ENSG00000271043	ENSG00000271043.1	MTRNR2L2	1.551	1.578	3.009	1.051	1.368	1.531	1.21	9.009	7.4	7.746	4.2775	4.208	5.6705	6.495	8.363	6.829	8.35	8.2795	6.036	8.5145	1.441	1.505	1.119	0.83645	0.7496	1.916	1.909	1.91	1.249	1.7655	0.9106	3.311	4.453	4.235	1.888	1.572	1.147	2.3245	1.6475	1.246	0.62195	1.667	1.876	1.51	1.552	1.59	1.2185	1.918	2.372	1.627	1.301	1.369	0.9147	3.00279811320755	162.151098113208
ENSG00000248170	ENSG00000248170.1	RP11-1072N2.4	0	0	0	0	0	0	0	0	0	0	0	0	0	0	0	0	0	0	0	0	0	0	0	0	0	0	0	0	0	0	0	0	0	0	0	0	0	0	0	0	0	0	0	0	0	0	0	0	0	0	0	0	0	0	0
ENSG00000251544	ENSG00000251544.1	MTND5P12	0	0	0	0	0	0	0	0.0714	0.1005	0.14005	0.3014	0.2169	0.095305	0.1212	0.06347	0.09395	0.1851	0.10965	0.01346	0.037675	0	0	0	0	0	0	0	0	0	0	0.08287	0	0.01983	0	0	0	0	0	0	0	0	0.05483	0	0	0	0.02502	0.03379	0	0.08726	0	0	0	0	0.0349747169811321	1.88863471698113
ENSG00000254132	ENSG00000254132.1	MTND6P3	0	0	0.02231	0	0	0	0.1016	0.0841	0.1222	0.15025	0.1397	0.1448	0.09889	0.1104	0.08926	0.08225	0.1388	0.1504	0.04844	0.056255	0	0	0	0	0	0	0	0.058565	0	0	0.2323	0.06129	0.06794	0.06423	0	0.05421	0	0.064625	0	0	0	0	0	0.07839	0.07423	0.07731	0.05593	0.067045	0	0	0	0	0	0.0470890566037736	2.54280905660377
ENSG00000251340	ENSG00000251340.1	RP11-461G12.2	0	0	0	0	0	0	0	0.055755	0.07359	0.12525	0.25665	0.1953	0.066725	0.08863	0.04846	0.06843	0.1466	0.08872	0	0.023775	0	0	0	0	0	0	0	0	0	0	0	0	0.03084	0	0	0	0	0	0	0	0	0.03867	0	0	0	0	0	0	0.07964	0	0	0	0	0.0261704716981132	1.41320547169811
ENSG00000248931	ENSG00000248931.1	RP11-72K17.2	0	0	0	0	0	0	0	0	0	0	0	0	0	0	0	0	0	0	0	0	0	0	0	0	0	0	0	0	0	0	0	0	0	0	0	0	0	0	0	0	0	0	0	0	0	0	0	0	0	0	0	0	0	0	0
ENSG00000249990	ENSG00000249990.1	RP11-474J18.2	0	0	0	0	0	0	0	0	0	0	0	0	0	0	0	0	0	0	0	0	0	0	0	0	0	0	0	0	0	0	0	0	0	0	0	0	0	0	0	0	0	0	0	0	0	0	0	0	0	0	0	0	0	0	0
ENSG00000249448	ENSG00000249448.1	RP11-474J18.1	0	0	0	0	0	0	0	0	0.01921	0	0	0	0	0	0	0	0	0	0	0	0	0	0	0	0	0	0	0	0	0	0	0	0.01947	0	0	0	0	0	0	0	0	0	0	0	0	0	0	0	0	0	0	0	0	0.000729811320754717	0.0394098113207547
ENSG00000270232	ENSG00000270232.1	RP11-475J5.7	0	0	0	0	0	0	0	0	0	0	0	0	0	0	0	0	0	0	0	0	0	0	0	0	0	0	0	0	0	0	0	0	0	0	0	0	0	0	0	0	0	0	0	0	0	0	0	0	0	0	0	0	0	0	0
ENSG00000270230	ENSG00000270230.1	RP11-475J5.11	0.097185	0.1218	0.17075	0.1227	0.1302	0.1308	0.3058	0.1795	0.1727	0.23215	0.10265	0.1076	0.1476	0.1398	0.1862	0.1691	0.1898	0.1975	0.168	0.1541	0.08931	0.1247	0.09846	0.04545	0	0.1101	0.1563	0.18295	0.08975	0.1415	0.2038	0.2091	0.2329	0.1049	0.1094	0.17	0.08786	0.27035	0.1143	0	0.04233	0	0.081045	0.1976	0.2081	0.2007	0.15825	0.20135	0	0.09645	0.1045	0.07073	0	0.134492830188679	7.26261283018868
ENSG00000271687	ENSG00000271687.1	MTND5P10	0	0	0	0	0	0	0	0.01818	0.02638	0.019015	0	0	0.01951	0.01857	0.01862	0.01798	0.01682	0.02228	0	0.019765	0	0	0	0.014825	0	0	0	0	0	0	0	0.0221	0.02598	0	0.01538	0	0	0.0196	0	0	0	0	0	0	0.01475	0	0	0.01714	0	0	0	0	0	0.00616783018867924	0.333062830188679
ENSG00000270906	ENSG00000270906.1	RP11-475J5.6	0.55035	0.4375	0.7573	0.2374	0.2841	0.334	0.2197	0.81095	0.7085	0.9323	0.59655	0.6786	0.87085	0.7498	0.8213	0.9148	0.8858	1.1945	0.7882	0.9427	0.44365	0.3075	0.3007	0.11863	0.2577	0.5246	0.58825	0.5896	0.2914	0.5396	0.1752	0.9487	1.375	0.6759	0.7689	0.393	0.5318	0.86225	0.43715	0.2645	0.22375	0.3391	0.5205	0.4711	0.4272	0.6357	0.3697	0.6361	0.5416	0.5121	0.3047	0.2614	0.1382	0.556422264150943	30.0468022641509
ENSG00000270350	ENSG00000270350.1	RP11-475J5.9	0	0	0	0	0	0	0	0	0	0	0	0	0	0	0	0	0	0	0	0	0	0	0	0	0	0	0	0	0	0	0	0	0	0	0	0	0	0	0	0	0	0	0	0	0	0	0	0	0	0	0	0	0	0	0
ENSG00000271480	ENSG00000271480.1	RP11-475J5.10	0	0	0	0	0	0	0	0	0	0	0	0	0	0	0	0	0	0	0	0	0	0	0	0	0	0	0	0	0	0	0	0	0	0	0	0	0	0	0	0	0	0	0	0	0	0	0	0	0	0	0	0	0	0	0
ENSG00000270388	ENSG00000270388.1	RP11-475J5.8	0	0	0.03038	0	0	0	0	0.04469	0.044	0.03629	0	0	0.033405	0.04415	0.04578	0.03128	0	0	0	0.03027	0	0	0	0	0	0	0	0	0	0	0	0.03887	0.05275	0.04949	0	0	0	0.033665	0	0	0	0	0	0	0	0.03556	0	0	0	0	0	0	0	0.0103883018867925	0.560968301886792
ENSG00000270307	ENSG00000270307.1	MTATP6P2	0.46995	0.4609	0.69245	0.2178	0.2685	0.3146	0.2938	0.87285	0.8327	0.79495	0.53605	0.6538	0.7719	0.7321	0.7895	0.7853	0.7678	0.7869	0.6398	0.70515	0.43725	0.21145	0.2314	0.24885	0.1779	0.4516	0.487	0.4461	0.2566	0.4056	0.1979	0.795	0.9297	0.6354	0.5638	0.3374	0.4073	0.6906	0.3334	0.2647	0.1724	0.3658	0.4305	0.3705	0.3813	0.5169	0.269	0.494	0.4006	0.42215	0.2808	0.2507	0.115	0.478592452830189	25.8439924528302
ENSG00000270225	ENSG00000270225.1	RP11-475J5.4	0.28595	0.2736	0.40655	0.1444	0.1988	0.2139	0.2427	0.61295	0.6119	0.69815	0.44205	0.4437	0.50875	0.5416	0.5848	0.5588	0.5687	0.73975	0.5715	0.7078	0.31655	0.22205	0.2058	0.06955	0.1471	0.3239	0.44825	0.31805	0.2118	0.3319	0.2339	0.3634	0.6634	0.5374	0.3829	0.263	0.2211	0.3738	0.2299	0.142	0.1238	0.2472	0.3143	0.2488	0.2821	0.356	0.2334	0.33485	0.238	0.2692	0.1718	0.1694	0.1032	0.348191509433962	18.802341509434
ENSG00000271207	ENSG00000271207.1	RP11-475J5.5	0.072665	0.06287	0.1643	0.0381	0.04249	0.07787	0.04257	0.26945	0.2536	0.20555	0.1157	0.1195	0.21775	0.2126	0.2513	0.2153	0.1763	0.1924	0.09308	0.18345	0.076795	0.066375	0.04472	0.07786	0.04458	0.06405	0.12825	0.09721	0.06368	0.08738	0.03903	0.2256	0.3379	0.1245	0.1387	0.07883	0.09728	0.20645	0.053945	0.0331	0.0259	0.02804	0.041675	0.1004	0.1084	0.1768	0.070025	0.12455	0.06746	0.070015	0.03863	0.04188	0.0259	0.11344820754717	6.12620320754717
ENSG00000244921	ENSG00000244921.2	CTB-36O1.7	1.1775	0.9855	1.2345	0.6269	0.7567	0.8147	0.6975	1.359	1.162	1.66	0.99415	1.381	1.2755	1.052	1.248	1.25	1.508	1.606	1.143	1.245	1.0995	0.56845	0.6198	0.5456	0.7305	1.057	1.1965	1.132	0.7725	1.0695	0.7234	1.535	2.058	1.561	1.315	0.8302	1.131	1.398	0.95765	0.7062	0.59725	0.9373	1.0305	0.9813	0.9988	1.339	0.6579	1.215	0.9657	1.139	0.6884	0.7502	0.313	1.05277547169811	56.8498754716981
ENSG00000249119	ENSG00000249119.1	MTND6P4	1.5485	2.009	2.239	2.081	2.068	1.854	3.282	2.889	2.13	3.36	1.862	2.103	2.452	2.214	2.578	2.83	2.942	3.5545	2.34	2.533	1.5415	1.959	1.557	1.0089	0.8638	1.61	2.2145	2.649	1.39	2.4825	2.412	3.144	3.415	1.801	1.779	2.335	1.356	3.457	1.802	1.188	0.81245	0.9877	1.5475	2.827	2.894	3.301	1.965	3.0255	1.037	1.541	1.36	1.088	0.7016	2.11173490566038	114.03368490566
ENSG00000248923	ENSG00000248923.1	MTND5P11	0.8085	0.912	1.0625	0.7742	0.8474	0.7503	0.9673	1.3025	1.132	1.6545	0.9334	1.218	1.325	1.147	1.428	1.279	1.475	1.5905	1.134	1.2095	0.72975	0.90585	0.7239	0.5581	0.8653	0.8359	1.0795	1.204	0.7285	1.0385	0.9033	1.659	1.803	0.956	0.9907	1.051	0.8628	1.3885	0.88995	0.6953	0.4589	0.5993	0.78535	1.185	1.147	1.367	0.72645	1.299	0.6856	0.86695	0.6593	0.5976	0.3084	1.00953396226415	54.5148339622641
ENSG00000247627	ENSG00000247627.2	MTND4P12	10.75	9.609	15.505	5.445	6.682	6.635	5.936	16.405	14.04	16.56	10.78	13.13	15.85	14.39	18.14	17.18	17.07	17.8	15.13	16.985	9.8485	5.961	5.377	4.653	5.416	10.53	12	11.62	6.167	11.325	5.147	16.59	22.74	17.53	17.02	8.47	8.878	13.84	9.0825	6.806	4.458	7.174	12.055	9.016	8.626	12.11	6.955	13.27	9.33	10.965	6.749	6.163	3.059	10.9991132075472	593.952113207547
ENSG00000198868	ENSG00000198868.3	MIR4461	2.0375	2.174	3.2245	0.9628	1.329	1.288	1.627	2.9645	2.746	3.594	2.0365	2.907	3.579	2.556	3.122	3.077	2.956	3.368	2.565	2.98	1.967	1.3535	1.253	0.4443	1.309	2.043	2.431	2.384	1.362	2.4905	0.9493	3.388	5.18	2.912	3.195	1.751	1.901	2.895	1.8345	1.247	1.0215	1.71	2.5225	1.749	1.769	2.25	1.1935	2.645	2.09	2.2575	1.438	1.323	0.4782	2.18549245283019	118.01659245283
ENSG00000249192	ENSG00000249192.1	CTB-36O1.3	0	0	0.2742	0	0	0	0	0.24555	0	0.3524	0	0	0.1455	0.1856	0.2592	0.2884	0.3252	0.3845	0	0.28015	0	0	0	0	0	0	0.23955	0	0	0	0	0.3515	0.4459	0.2912	0.2151	0	0.2318	0.20775	0	0	0	0	0	0	0	0.2755	0	0.2412	0	0	0	0	0	0.0988716981132075	5.33907169811321
ENSG00000217083	ENSG00000217083.1	RP1-245M18.2	0	0	0	0	0	0	0	0	0	0	0	0	0	0	0	0	0	0	0	0	0	0.062485	0	0	0	0	0	0	0	0	0	0	0	0	0	0	0	0	0	0	0	0	0	0	0	0	0.1946	0	0.1281	0	0	0	0.2093	0.0112166981132075	0.605701698113208
ENSG00000235040	ENSG00000235040.1	MTCO3P1	0	0	0	0	0	0	0	0	0	0	0	0	0	0	0	0	0	0	0	0	0	0	0	0	0	0	0	0	0	0	0	0	0	0	0	0	0	0	0	0	0	0	0	0	0	0	0	0	0	0	0	0	0	0	0
ENSG00000255633	ENSG00000255633.3	MTRNR2L9	0.23325	0.2285	0.4685	0.176	0.2215	0.2615	0.2679	1.494	1.229	1.207	0.67795	0.5817	0.9355	0.9745	1.373	1.18	1.298	1.158	0.8512	1.26	0.2253	0.23035	0.1604	0.044935	0.1132	0.3215	0.2926	0.331	0.1803	0.285	0.1139	0.4962	0.6997	0.6181	0.2749	0.2491	0.1036	0.3537	0.2465	0.1173	0.09184	0.213	0.2835	0.2244	0.2446	0.188	0.19675	0.27035	0.3228	0.23715	0.1321	0.1379	0.2005	0.458065566037736	24.7355405660377
ENSG00000262095	ENSG00000262095.1	RP3-433F14.4	0	0	0	0	0	0	0	0	0	0	0	0	0	0	0	0	0	0	0	0	0	0	0	0	0	0	0	0	0	0	0	0	0	0	0	0	0	0	0	0	0	0	0	0	0	0	0	0	0	0	0	0	0	0	0
ENSG00000219087	ENSG00000219087.2	RP3-433F14.2	0	0	0	0	0	0	0	0	0	0	0	0	0	0	0	0	0	0	0	0	0	0	0	0	0	0	0	0	0	0	0	0	0	0	0	0	0	0	0	0	0	0	0	0	0	0	0	0	0	0	0	0	0	0	0
ENSG00000220340	ENSG00000220340.1	RP3-433F14.1	0	0	0	0	0	0	0	0	0	0	0	0	0	0	0	0	0	0	0	0	0	0	0	0	0	0	0	0	0	0	0	0	0	0	0	0	0	0	0	0	0	0	0	0	0	0	0	0	0	0	0	0	0	0	0
ENSG00000216853	ENSG00000216853.1	RP3-399J4.1	0	0	0	0	0	0	0	0	0	0	0	0	0	0	0	0	0	0	0	0	0	0	0	0	0	0	0	0	0	0	0	0	0	0	0	0	0	0	0	0	0	0	0	0	0	0	0	0	0	0	0	0	0	0	0
ENSG00000220139	ENSG00000220139.1	RP3-354N19.1	0	0	0	0	0	0	0	0	0	0	0	0	0	0	0	0	0	0	0	0	0	0	0	0	0	0	0	0	0	0	0	0	0	0	0	0	0	0	0	0	0	0	0	0	0	0	0	0	0	0	0	0	0	0	0
ENSG00000220113	ENSG00000220113.2	MTCYBP4	0	0	0	0	0	0	0	0	0	0	0	0	0	0	0	0	0	0	0	0	0	0	0	0	0	0	0	0	0	0	0	0	0	0	0	0	0	0	0	0	0	0	0	0	0	0	0	0	0	0	0	0	0	0	0
ENSG00000217160	ENSG00000217160.2	RP11-331O9.1	0	0	0	0	0	0	0	0	0	0	0	0	0	0	0	0	0	0	0	0	0	0	0	0	0	0	0	0	0	0	0	0	0	0	0	0	0	0	0	0	0	0	0	0	0	0	0	0	0.121	0	0	0	0	0.00228301886792453	0.123283018867925
ENSG00000242246	ENSG00000242246.2	RP11-331O9.2	0	0	0	0	0	0	0	0	0	0	0	0	0	0	0	0	0	0	0	0	0	0	0	0	0	0	0	0	0	0	0	0	0	0	0	0	0	0	0	0	0	0	0	0	0	0	0	0	0	0	0	0	0	0	0
ENSG00000218776	ENSG00000218776.4	RP11-331O9.3	0	0	0	0	0	0	0	0	0	0	0	0	0	0	0	0	0	0	0	0	0	0	0	0	0	0	0	0	0	0	0	0	0	0	0	0	0	0	0	0	0	0	0	0	0	0	0	0	0.07848	0	0	0	0	0.00148075471698113	0.0799607547169811
ENSG00000217044	ENSG00000217044.1	RP11-331O9.4	0	0	0	0	0	0	0	0	0	0	0	0	0	0	0	0	0	0	0	0	0	0	0	0	0	0	0	0	0	0	0	0	0	0	0	0	0	0	0	0	0	0	0	0	0	0	0	0	0.07277	0	0	0	0	0.00137301886792453	0.0741430188679245
ENSG00000220733	ENSG00000220733.1	RP11-331O9.5	0	0	0	0	0	0	0	0	0	0	0	0	0	0	0	0	0	0	0	0	0	0	0	0	0	0	0	0	0	0	0	0	0	0	0	0	0	0	0	0	0	0	0	0	0	0	0	0	0	0	0	0	0	0	0
ENSG00000220514	ENSG00000220514.1	RP11-331O9.6	0	0	0	0	0	0	0	0	0	0	0	0	0	0	0	0	0	0	0	0	0	0	0	0	0	0	0	0	0	0	0	0	0	0	0	0	0	0	0	0	0	0	0	0	0	0	0	0	0	0	0	0	0	0	0
ENSG00000216713	ENSG00000216713.1	MTND4P13	0	0	0	0	0	0	0	0	0	0	0	0	0	0	0	0	0	0	0	0	0	0	0	0	0	0	0	0	0	0	0	0	0	0	0	0	0	0	0	0	0	0	0	0	0	0	0	0	0.03807	0	0	0	0	0.000718301886792453	0.0387883018867924
ENSG00000228803	ENSG00000228803.1	AC073072.6	0	0	0	0	0	0	0	0	0	0	0	0	0	0	0	0	0	0	0	0	0	0	0	0	0	0	0	0	0	0	0	0	0	0	0	0	0	0	0	0	0	0	0	0	0	0	0	0	0	0	0	0	0	0	0
ENSG00000228770	ENSG00000228770.1	AC007327.6	0	0	0	0	0	0	0	0	0	0	0	0	0	0	0	0	0	0	0	0	0	0	0	0	0	0	0	0	0	0	0	0	0	0	0	0	0	0	0	0	0	0	0	0	0	0	0	0	0	0	0	0	0	0	0
ENSG00000231537	ENSG00000231537.1	RP11-1217F2.3	0	0	0	0	0	0	0	0	0	0	0	0	0	0	0	0	0	0	0.0792	0	0	0	0	0	0	0	0	0	0	0	0	0	0	0	0	0	0	0	0	0	0	0	0	0	0	0	0	0	0.2904	0	0	0	0	0.00697358490566038	0.37657358490566
ENSG00000225295	ENSG00000225295.1	MTND4P4	0	0	0	0	0	0	0	0	0	0	0	0	0	0	0	0	0	0	0.0563	0	0	0	0	0	0	0	0	0	0	0	0	0	0	0	0	0	0	0	0	0	0	0	0	0	0	0	0	0	0.1136	0	0	0	0	0.00320566037735849	0.173105660377359
ENSG00000228440	ENSG00000228440.1	MTND5P6	0	0	0	0	0	0	0	0	0	0	0	0	0	0	0	0	0	0	0.02541	0	0	0	0	0	0	0	0	0	0	0	0	0	0	0	0	0	0	0	0	0	0	0	0	0	0	0	0	0	0.101	0	0	0	0	0.00238509433962264	0.128795094339623
ENSG00000224880	ENSG00000224880.1	RP11-1217F2.7	0	0	0	0	0	0	0	0	0	0	0	0	0	0	0	0	0	0	0	0	0	0	0	0	0	0	0	0	0	0	0	0	0	0	0	0	0	0	0	0	0	0	0	0	0	0	0	0	0.07778	0	0	0	0	0.00146754716981132	0.0792475471698113
ENSG00000230764	ENSG00000230764.1	MTND1P4	0	0	0	0	0	0	0	0	0	0	0	0	0	0	0	0	0	0	0	0	0	0	0	0	0	0	0	0	0	0	0	0	0	0	0	0	0	0	0	0	0	0	0	0	0	0	0	0	0.3343	0	0	0	0	0.00630754716981132	0.340607547169811
ENSG00000237309	ENSG00000237309.1	MTND2P6	0	0	0	0	0	0	0	0	0	0	0	0	0	0	0	0	0	0	0	0	0	0	0	0	0	0	0	0	0	0	0	0	0	0	0	0	0	0	0	0	0	0	0	0	0	0	0	0	0.2388	0	0	0	0	0.00450566037735849	0.243305660377359
ENSG00000236692	ENSG00000236692.1	RP11-1217F2.9	0	0	0	0	0	0	0	0	0	0	0	0	0	0	0	0	0	0	0	0	0	0	0	0	0	0	0	0	0	0	0	0	0	0	0	0	0	0	0	0	0	0	0	0	0	0	0	0	0.2172	0	0	0	0	0.00409811320754717	0.221298113207547
ENSG00000228851	ENSG00000228851.1	RP11-1217F2.10	0	0	0	0	0	0	0	0	0	0	0	0	0	0	0	0	0	0	0	0	0	0	0	0	0	0	0	0	0	0	0	0	0	0	0	0	0	0	0	0	0	0	0	0	0	0	0	0	0.04196	0	0	0	0	0.000791698113207547	0.0427516981132075
ENSG00000227584	ENSG00000227584.1	MTND4P5	0	0	0	0	0	0	0	0	0	0	0	0	0	0	0	0	0	0	0	0	0	0	0	0	0	0	0	0	0	0	0	0	0	0	0	0	0	0	0	0	0	0	0	0	0	0	0	0	0.04446	0	0	0	0	0.000838867924528302	0.0452988679245283
ENSG00000230531	ENSG00000230531.1	MTND5P7	0	0	0	0	0	0	0	0	0	0	0	0	0	0	0	0	0	0	0	0	0	0	0	0	0	0	0	0	0	0	0	0	0	0	0	0	0	0	0	0	0	0	0	0	0	0	0	0	0.04965	0	0	0	0	0.000936792452830189	0.0505867924528302
ENSG00000234671	ENSG00000234671.1	RP11-1217F2.13	0	0	0	0	0	0	0	0	0	0	0	0	0	0	0	0	0	0	0	0	0	0	0	0	0	0	0	0	0	0	0	0	0	0	0	0	0	0	0	0	0	0	0	0	0	0	0	0	0.06004	0	0	0	0	0.00113283018867925	0.0611728301886793
ENSG00000248704	ENSG00000248704.1	MTND4P2	0	0	0	0	0	0	0	0	0	0	0	0	0	0	0	0	0	0	0	0	0	0	0	0	0	0	0	0	0	0	0	0	0	0	0	0	0	0	0	0	0	0	0	0	0	0	0	0	0	0	0	0	0	0	0
ENSG00000248315	ENSG00000248315.1	RP11-3N2.11	0	0	0	0	0	0	0	0	0	0	0	0	0	0	0	0	0	0	0	0	0	0	0	0	0	0	0	0	0	0	0	0	0	0	0	0	0	0	0	0	0	0	0	0	0	0	0	0	0	0	0	0	0	0	0
ENSG00000230052	ENSG00000230052.1	MTND3P2	0	0	0	0	0	0	0	0	0	0	0	0	0	0	0	0	0	0	0	0	0	0	0	0	0	0	0	0	0	0	0	0	0	0	0	0	0	0	0	0	0	0	0	0	0	0	0	0	0	0	0	0	0	0	0
ENSG00000233385	ENSG00000233385.1	RP11-3N2.9	0	0	0	0	0	0	0	0	0	0	0	0	0	0	0	0	0	0	0	0	0	0	0	0	0	0	0	0	0	0	0	0	0	0	0	0	0	0	0	0	0	0	0	0	0	0	0	0	0	0	0	0	0	0	0
ENSG00000227035	ENSG00000227035.1	RP11-3N2.8	0	0	0	0	0	0	0	0	0	0	0	0	0	0	0	0	0	0	0	0	0	0	0	0	0	0	0	0	0	0	0	0	0	0	0	0	0	0	0	0	0	0	0	0	0	0	0	0	0	0	0	0	0	0	0
ENSG00000234234	ENSG00000234234.1	RP11-3N2.7	0	0	0	0	0	0	0	0	0	0	0	0	0	0	0	0	0	0	0	0	0	0	0	0	0	0	0	0	0	0	0	0	0	0	0	0	0	0	0	0	0	0	0	0	0	0	0	0	0	0	0	0	0	0	0
ENSG00000234700	ENSG00000234700.1	RP11-3N2.5	0	0	0	0	0	0	0	0	0	0	0	0	0	0	0	0	0	0	0	0	0	0	0	0	0	0	0	0	0	0	0	0	0	0	0	0	0	0	0	0	0	0	0	0	0	0	0	0	0.05598	0	0	0	0	0.00105622641509434	0.0570362264150943
ENSG00000230252	ENSG00000230252.1	MTND2P4	0	0	0	0	0	0	0	0	0	0	0	0	0	0	0	0	0	0	0	0	0	0	0	0	0	0	0	0	0	0	0	0	0	0	0	0	0	0	0	0	0	0	0	0	0	0	0	0	0.08655	0	0	0	0	0.00163301886792453	0.0881830188679245
ENSG00000235646	ENSG00000235646.1	MTND1P2	0	0	0	0	0	0	0	0	0	0	0	0	0	0	0	0	0	0	0	0	0	0	0	0	0	0	0	0	0	0	0	0	0	0	0	0	0	0	0	0	0	0	0	0	0	0	0	0	0.1598	0	0	0	0	0.00301509433962264	0.162815094339623
ENSG00000226392	ENSG00000226392.1	RP4-736H5.1	0	0	0	0	0	0	0	0	0	0	0	0	0	0	0	0	0	0	0	0	0	0	0	0	0	0	0	0	0	0	0	0	0	0	0	0	0	0	0	0	0	0	0	0	0	0	0	0	0	0	0	0	0	0	0
ENSG00000237466	ENSG00000237466.1	RP4-736H5.2	0	0	0	0	0	0	0	0	0	0	0	0	0	0	0	0	0	0	0	0	0	0	0	0	0	0	0	0	0	0	0	0	0	0	0	0	0	0	0	0	0	0	0	0	0	0	0	0	0.1273	0	0	0	0	0.00240188679245283	0.129701886792453
ENSG00000232975	ENSG00000232975.1	RP5-945F2.1	0	0	0	0	0	0	0	0	0	0	0	0	0	0	0	0	0	0	0	0	0	0	0	0	0	0	0	0	0	0	0	0	0	0	0	0	0	0	0	0	0	0	0	0	0	0	0	0	0	0	0	0	0	0	0
ENSG00000225959	ENSG00000225959.1	MTND4P3	0	0	0	0	0	0	0	0	0	0	0	0	0	0	0	0	0	0	0	0	0	0	0	0	0	0	0	0	0	0	0	0	0	0	0	0	0	0	0	0	0	0	0	0	0	0	0	0	0	0	0	0	0	0	0
ENSG00000230654	ENSG00000230654.1	RP11-666G4.2	0	0	0	0	0	0	0	0	0	0	0	0	0	0	0	0	0	0	0	0	0	0	0	0	0	0	0	0	0	0	0	0	0	0	0	0	0	0	0	0	0	0	0	0	0	0	0	0	0	0	0	0	0	0	0
ENSG00000229031	ENSG00000229031.1	RP11-666G4.1	0	0	0	0	0	0	0	0	0	0	0	0	0	0	0	0	0	0	0	0	0	0	0	0	0	0	0	0	0	0	0	0	0	0	0	0	0	0	0	0	0	0	0	0	0	0	0	0	0	0	0	0	0	0	0
ENSG00000230999	ENSG00000230999.1	MTND5P8	0	0	0	0	0	0	0	0	0	0	0	0	0	0	0	0	0	0	0	0	0	0	0	0	0	0	0	0	0	0	0	0	0	0	0	0	0	0	0	0	0	0	0	0	0	0	0	0	0.4681	0	0	0	0	0.00883207547169811	0.476932075471698
ENSG00000232922	ENSG00000232922.1	AC004112.5	0	0	0	0	0	0	0	0	0	0	0	0	0	0	0	0	0	0	0	0	0	0	0	0	0	0	0	0	0	0	0	0	0	0	0	0	0	0	0	0	0	0	0	0	0	0	0	0	0.1857	0	0	0	0	0.00350377358490566	0.189203773584906
ENSG00000236232	ENSG00000236232.1	AC004112.7	0	0	0	0	0	0	0	0	0	0	0	0	0	0	0	0	0	0	0	0	0	0	0	0	0	0	0	0	0	0	0	0	0	0	0	0	0	0	0	0	0	0	0	0	0	0	0	0	0.3378	0	0	0	0	0.00637358490566038	0.34417358490566
ENSG00000224042	ENSG00000224042.2	MTND4P6	0	0	0	0	0	0	0	0	0	0	0	0	0	0	0	0	0	0	0	0	0	0	0	0	0	0	0	0	0	0	0	0	0	0	0	0	0	0	0	0	0	0	0	0	0	0	0	0	0	0	0	0	0	0	0
ENSG00000230605	ENSG00000230605.1	AC006326.5	0	0	0	0	0	0	0	0	0	0	0	0	0	0	0	0	0	0	0	0	0	0	0	0	0	0	0	0	0	0	0	0	0	0	0	0	0	0	0	0	0	0	0	0	0	0	0	0	0	0	0	0	0	0	0
ENSG00000261778	ENSG00000261778.1	RP5-1173P7.1	0	0	0	0	0	0	0	0	0	0	0	0	0	0	0	0	0	0	0	0	0	0	0	0	0	0	0	0	0	0	0	0	0	0	0	0	0	0	0	0	0	0	0	0	0	0	0	0	0	0	0	0	0	0	0
ENSG00000241926	ENSG00000241926.1	RP5-1154E9.7	0	0	0	0	0	0	0	0	0	0	0	0	0	0	0	0	0	0	0	0	0	0	0	0	0	0	0	0	0	0	0	0	0	0	0	0	0	0	0	0	0.1245	0	0	0	0	0	0	0	0	0	0	0	0	0.00234905660377358	0.126849056603774
ENSG00000224354	ENSG00000224354.2	MTND2P5	0	0	0	0	0	0	0	0	0	0.00804	0.080605	0.07319	0	0	0	0	0.03653	0	0	0	0	0	0	0	0	0	0	0	0	0	0	0	0	0	0	0	0	0	0	0	0.03553	0	0	0	0	0	0	0	0	0	0	0	0	0.00441311320754717	0.238308113207547
ENSG00000239648	ENSG00000239648.1	MTND1P3	0	0	0	0	0	0	0	0	0	0.005755	0.1134	0.09222	0	0	0	0	0.04507	0	0	0	0	0	0	0	0	0	0	0	0	0	0	0	0	0	0	0	0	0	0	0.07388	0.056355	0	0	0	0	0	0	0	0	0	0	0	0	0.00729584905660377	0.393975849056604
ENSG00000270672	ENSG00000270672.1	MTRNR2L6	0.089005	0.08654	0.15175	0.06739	0.0822	0.0986	0.06776	0.54055	0.3939	0.4036	0.22345	0.2161	0.3063	0.3431	0.4593	0.4097	0.4125	0.43955	0.3864	0.4469	0.091455	0.085705	0.06606	0.054445	0.1236	0.1118	0.10805	0.10495	0.07117	0.1049	0.1101	0.1688	0.2113	0.1928	0.1099	0.0974	0.05438	0.1105	0.10875	0.04542	0.15425	0.08922	0.1293	0.094	0.1025	0.09188	0.07629	0.12025	0.142	0.090695	0.0551	0.06511	0.07513	0.170600094339623	9.21240509433962
ENSG00000226509	ENSG00000226509.1	AC005588.2	0	0	0	0	0	0	0	0	0	0	0.4853	0.4644	0	0	0	0	0	0	0	0	0	0	0	0	0	0	0	0	0	0	0	0	0	0	0	0	0	0	0	0	0	0	0	0	0	0	0	0	0	0	0	0	0	0.0179188679245283	0.967618867924528
ENSG00000253257	ENSG00000253257.1	MTND4P7	0	0	0	0	0	0	0	0	0	0	0	0	0	0	0	0	0	0	0	0	0	0	0	0	0	0	0	0	0	0	0	0	0	0	0	0	0	0	0	0	0	0	0	0	0	0	0	0	0	0	0	0	0	0	0
ENSG00000254015	ENSG00000254015.1	CTD-2547L16.2	0	0	0	0	0	0	0	0	0	0	0	0	0	0	0	0	0	0	0	0	0	0	0	0	0	0	0	0	0	0	0	0	0	0	0	0	0	0	0	0	0	0	0	0	0	0	0	0	0	0	0	0	0	0	0
ENSG00000253178	ENSG00000253178.1	RP11-404E12.1	0	0	0	0	0	0	0	0	0	0	0	0	0	0	0	0	0	0	0	0	0	0	0	0	0	0	0	0	0	0	0	0	0	0	0	0	0	0	0	0	0	0	0	0	0	0	0	0	0	0	0	0	0	0	0
ENSG00000253290	ENSG00000253290.1	RP11-597M17.3	0.5256	0	0	0	0.1058	0.2295	0.6189	0	0	0	0	0	0	0	0	0	0	0	0	0	0.12905	0	0	0	0	0	0	0.15315	0	0	0	0.2396	0	0	0	0	0.1721	0	2.7605	0.1317	0	0	0	0.189	0.4886	0	0	0	0.3677	0.0591	0	0.4009	0	0.123984905660377	6.69518490566038
ENSG00000253615	ENSG00000253615.1	RP11-597M17.2	0.32345	0	0	0	0	0	0.2656	0	0	0	0	0	0	0	0	0	0	0	0	0	0	0	0	0.15785	0.334	0	0	0	0	0	0	0.1553	0	0	0	0	0	0	1.716	0	0	0	0	0	0.2735	0	0	0	0.2619	0	0	0.2641	0	0.0707867924528302	3.82248679245283
ENSG00000254346	ENSG00000254346.2	MTND1P6	0	0	0	0	0	0	0	0	0	0	0	0	0	0	0	0	0	0	0	0	0	0	0	0	0	0	0	0	0	0	0	0	0	0	0	0	0	0	0	0	0	0	0	0	0	0	0	0	0	0	0	0	0	0	0
ENSG00000254090	ENSG00000254090.1	MTND2P32	0	0	0	0	0	0	0	0	0	0	0	0	0	0	0	0	0	0	0	0	0	0	0	0	0	0	0	0	0	0	0	0	0	0	0	0	0	0	0	0	0	0	0	0	0	0	0	0	0	0	0	0	0	0	0
ENSG00000253504	ENSG00000253504.1	RP11-593P24.2	0	0	0	0	0	0	0	0	0	0	0	0	0	0	0	0	0	0	0	0	0	0	0	0	0	0	0	0	0	0	0	0	0	0	0	0	0	0	0	0	0	0	0	0	0	0	0	0	0	0	0	0	0	0	0
ENSG00000254384	ENSG00000254384.1	MTND6P19	0	0	0	0	0	0	0	0	0	0	0	0	0	0	0	0	0	0	0	0	0	0	0	0	0	0	0	0	0	0	0	0	0	0	0	0	0	0	0	0	0	0	0	0	0	0	0	0	0	0	0	0	0	0	0
ENSG00000253685	ENSG00000253685.1	RP11-593P24.3	0	0	0	0	0	0	0	0	0	0	0	0	0	0	0	0	0	0	0	0	0	0	0	0	0	0	0	0	0	0	0	0	0	0	0	0	0	0	0	0	0	0	0	0	0	0	0	0	0	0	0	0	0	0	0
ENSG00000253828	ENSG00000253828.2	MTND1P7	0	0	0	0	0	0	0	0	0	0	0	0	0	0	0	0	0	0	0	0	0	0	0	0	0	0	0	0	0	0	0	0	0	0	0	0	0	0	0	0	0	0	0	0	0	0	0	0	0.05349	0	0	0	0	0.00100924528301887	0.0544992452830189
ENSG00000252594	ENSG00000252594.1	RNU6-656P	0	0	0	0	0	0	0	0	0	0	0	0	0	0	0	0	0	0	0	0	0	0	0	0	0	0	0	0	0	0	0	0	0	0	0	0	0	0	0	0	0	0	0	0	0	0	0	0	0	0	0	0	0	0	0
ENSG00000254118	ENSG00000254118.1	RP11-101E19.4	0	0	0	0	0	0	0	0	0	0	0	0	0	0	0	0	0	0	0	0	0	0	0	0	0	0	0	0	0	0	0	0	0	0	0	0	0	0	0	0	0	0	0	0	0	0	0	0	0.04024	0	0	0	0	0.000759245283018868	0.0409992452830189
ENSG00000254156	ENSG00000254156.1	MTND6P20	0	0	0	0	0	0	0	0	0	0	0	0	0	0	0	0	0	0	0	0	0	0	0	0	0	0	0	0	0	0	0	0	0	0	0	0	0	0	0	0	0	0	0	0	0	0	0	0	0	0	0	0	0	0	0
ENSG00000253795	ENSG00000253795.1	MTND1P5	0	0	0	0	0	0	0	0	0	0	0	0	0	0	0	0	0	0	0	0	0	0	0	0	0	0	0	0	0	0	0	0	0	0	0	0	0	0	0	0	0	0	0	0	0	0	0	0	0	0	0	0	0	0	0
ENSG00000253556	ENSG00000253556.1	KB-1639H6.7	0	0	0	0	0	0	0	0	0	0	0	0	0	0	0	0	0	0	0	0	0	0	0	0	0	0	0	0	0	0	0	0	0	0	0	0	0	0	0	0	0	0	0	0	0	0	0	0	0	0	0	0	0	0	0
ENSG00000254241	ENSG00000254241.1	RP11-946L20.1	0	0	0	0	0	0	0	0.047195	0	0.06075	0	0	0.048315	0	0.06003	0	0.03822	0.06779	0.05544	0.030595	0	0	0	0	0	0	0	0	0	0	0	0	0	0	0	0	0	0	0	0	0	0	0	0	0	0	0	0	0	0	0	0	0	0.00770443396226415	0.416039433962264
ENSG00000253970	ENSG00000253970.1	MTND2P7	0	0	0	0	0	0	0	0	0	0	0	0	0	0	0	0	0	0	0	0	0	0	0	0	0	0	0	0	0	0	0	0	0	0	0	0	0	0	0	0	0	0	0	0	0	0	0	0	0	0	0	0	0	0	0
ENSG00000253916	ENSG00000253916.1	CTD-2309H9.2	0	0	0	0	0	0	0	0	0	0	0	0	0	0	0	0	0	0	0	0	0	0	0	0	0	0	0	0	0	0	0	0	0	0	0	0	0	0	0	0	0	0	0	0	0	0	0	0	0	0	0	0	0	0	0
ENSG00000227730	ENSG00000227730.2	MTND6P5	0	0	0	0.09048	0	0	0	0	0	0	0	0.08574	0	0	0	0	0	0	0	0	0	0	0	0.09372	0.09785	0	0	0	0	0	0	0	0	0	0	0.07296	0	0	0	0	0	0	0	0.1168	0.1068	0.04564	0.073745	0	4.393	0	0	0.1054	0.09656	0.101484811320755	5.48017981132075
ENSG00000228166	ENSG00000228166.1	MTND1P11	0.076505	0	0	0.1196	0.04503	0.09524	0	0	0	0	0	0.06662	0	0	0	0	0	0	0	0	0.044875	0.087525	0	0.1209	0	0	0	0	0	0	0	0	0	0	0	0.08135	0	0	0.07326	0.1143	0	0	0	0.1515	0.1185	0.04879	0.046215	0	0.8721	0	0.04474	0.1126	0.08273	0.0453279245283019	2.4477079245283
ENSG00000224083	ENSG00000224083.1	RP11-39K24.4	0.093715	0.06792	0.03597	0.1694	0.06832	0.1309	0.0721	0.00892	0	0	0.0402	0.08238	0.019265	0	0	0	0	0.02168	0	0	0.06601	0.081235	0	0.106405	0.06557	0.0541	0.045375	0.055275	0.05911	0.05072	0.1342	0.04088	0.03181	0.04251	0	0.11	0.04329	0.028055	0.1074	0.1111	0	0.0297	0.04753	0.166	0.1608	0.06727	0.09049	0.0463	0.8569	0.056935	0.08517	0.1026	0.0786	0.0723039622641509	3.90441396226415
ENSG00000235917	ENSG00000235917.1	RP11-39K24.14	0.07934	0.05805	0	0.1487	0.0803	0.1128	0	0	0	0	0	0.06224	0	0	0	0	0	0	0	0	0.05622	0.055545	0	0.08271	0.08868	0.0375	0	0	0.04565	0	0	0	0	0	0	0.09937	0	0	0.083845	0.1187	0	0	0	0.1594	0.1439	0.05111	0.074535	0	0.6858	0	0.07159	0.1467	0.1006	0.0498733018867925	2.69315830188679
ENSG00000228097	ENSG00000228097.1	RP11-39K24.12	0.10205	0.06988	0	0.1929	0.1224	0.128	0.07483	0	0	0	0	0.07361	0	0	0	0	0	0	0	0	0.053415	0.10555	0	0.07255	0	0	0	0	0	0	0.09396	0	0	0	0	0.1442	0	0	0.1253	0.08781	0	0	0	0.1784	0.1655	0.06037	0.1089	0	0.6052	0	0.1225	0.1135	0.07109	0.0541870754716981	2.9261020754717
ENSG00000237711	ENSG00000237711.1	RP11-39K24.13	0.1271	0.1006	0	0.2454	0.1205	0.1684	0.1029	0	0	0	0.052375	0.1084	0	0	0	0	0	0	0	0	0.09018	0.1129	0	0.077265	0.1541	0.06526	0.046435	0.046435	0.07568	0	0.1653	0.0387	0	0	0	0.1717	0	0	0.13615	0.1316	0	0	0	0.2418	0.2075	0.08412	0.16215	0	0.8865	0.071645	0.1147	0.149	0.06095	0.0814291509433962	4.3971741509434
ENSG00000236254	ENSG00000236254.1	MTND4P14	0.095295	0.06446	0	0.1516	0.07087	0.1435	0.05884	0	0	0	0	0.05032	0	0	0	0	0	0	0	0	0.07917	0.08758	0	0.17952	0	0	0.024095	0.012115	0.06019	0	0.07433	0	0	0	0	0.09322	0	0	0.093255	0.08476	0	0	0	0.157	0.1424	0.05271	0.06955	0.03596	0.3227	0.041985	0.05763	0.1168	0.03712	0.0463580188679245	2.50333301886792
ENSG00000230225	ENSG00000230225.1	MTND5P14	0.1115	0.08893	0.03722	0.2061	0.08911	0.1494	0	0	0	0	0	0.06265	0	0	0	0	0	0	0	0	0.07807	0.1178	0	0.08038	0.04785	0.04084	0.03549	0	0.07432	0.028325	0	0.03453	0.02251	0	0	0.1282	0.03907	0	0.11795	0.1145	0	0	0.035175	0.1794	0.1552	0.06373	0.1832	0.03365	0.7143	0.06552	0.08373	0.1302	0.06582	0.0644277358490566	3.47909773584906
ENSG00000225433	ENSG00000225433.2	MTND1P12	0	0	0	0	0	0	0	0	0	0	0	0	0	0	0	0	0	0	0	0	0	0	0	0	0	0	0	0	0	0	0	0	0	0	0	0	0	0	0	0	0	0	0	0	0	0	0	0	0	0	0	0	0	0	0
ENSG00000267085	ENSG00000267085.1	RP11-15J10.9	0	0	0	0	0	0	0	0	0	0	0	0	0	0	0	0	0	0	0	0	0	0	0	0	0	0	0	0	0	0	0	0	0	0	0	0	0	0	0	0	0	0	0	0	0	0	0	0	0	0	0	0	0	0	0
ENSG00000237257	ENSG00000237257.1	MTND2P8	0	0	0	0	0	0	0	0	0	0	0	0	0	0	0	0	0	0	0	0	0	0	0	0	0	0	0	0	0	0	0	0	0	0	0	0	0	0	0	0	0	0	0	0	0	0	0	0	0	0	0	0	0	0	0
ENSG00000232981	ENSG00000232981.1	RP11-117O7.2	0	0	0	0	0	0	0	0	0	0	0	0	0	0	0	0	0	0	0	0	0	0	0	0	0	0	0	0	0	0	0	0	0	0	0	0	0	0	0	0	0	0	0	0	0	0	0	0	0	0	0	0	0	0	0
ENSG00000225901	ENSG00000225901.1	MTND2P9	0	0	0	0	0	0	0	0.03605	0.04024	0.073995	0	0	0.055045	0.05112	0.03313	0.04304	0.05386	0.0699	0	0.046205	0	0	0	0	0	0	0	0	0	0	0	0.03733	0.06864	0.04014	0	0	0	0	0	0	0	0	0	0	0	0	0	0	0	0	0	0	0	0.0122395283018868	0.660934528301887
ENSG00000228046	ENSG00000228046.2	RP11-15B24.2	0	0	0	0	0	0	0	0	0	0	0	0	0	0	0	0	0	0	0	0	0	0	0	0	0	0	0	0	0	0	0	0	0	0	0	0	0	0	0	0	0	0	0	0	0	0	0	0	0.179	0	0	0	0	0.00337735849056604	0.182377358490566
ENSG00000232179	ENSG00000232179.1	RP11-100G15.2	0	0	0	0	0	0	0	0	0	0	0	0	0	0	0	0	0	0	0	0	0	0	0	0.24665	0	0	0	0	0	0	0	0	0	0	0	0	0	0	0	0.3213	0	0	0	0.242	0	0	0	0	0	0	0	0	0	0.0152820754716981	0.825232075471698
ENSG00000228069	ENSG00000228069.1	RP11-100G15.3	0.15775	0.1932	0.1078	0.1893	0.1343	0.06336	0.3625	0	0	0	0.081005	0.1077	0	0	0	0.03744	0	0	0.06741	0	0.22965	0.22695	0.2314	0.5951	0.3871	0.1127	0.16785	0.14005	0.2158	0.1175	0.5395	0.07363	0.03086	0.1318	0.09292	0.3836	0.2804	0	0.2046	0.75	0.1735	0.1863	0.19345	0.4738	0.2822	0.2519	0.23865	0.1676	0.2394	0.2666	0.3303	0.3626	0.08355	0.182321226415094	9.84534622641509
ENSG00000238288	ENSG00000238288.1	RP11-100G15.4	0.090385	0.1128	0	0.1286	0	0	0.2035	0	0	0	0	0	0	0	0	0	0	0	0	0	0.11855	0.16565	0.1134	0.35545	0.5242	0	0	0	0.1176	0	0.1933	0	0	0.05661	0	0.2044	0.1721	0	0	0.539	0.1061	0	0	0.2993	0.1707	0.1355	0.1245	0	0.1236	0.1509	0.1512	0.1975	0	0.0859404716981132	4.64078547169811
ENSG00000240791	ENSG00000240791.1	RP11-100G15.5	0	0	0	0	0	0	0.1729	0	0	0	0	0	0	0	0	0	0	0	0	0	0	0.1057	0	0.18405	0	0	0	0	0	0	0	0	0	0	0	0.1019	0.1053	0	0	0.2819	0	0	0	0.1718	0	0	0	0	0	0	0	0.168	0	0.0243688679245283	1.31591886792453
ENSG00000227321	ENSG00000227321.2	MTND4P15	0.12205	0.1481	0.07609	0.1273	0.08714	0	0.1343	0	0	0	0.03158	0.0865	0	0	0	0	0	0	0	0	0.1469	0.19325	0.1952	0.6242	0.206	0.09064	0.11105	0.090095	0.1567	0.08053	0.2917	0.04808	0	0.06822	0.02519	0.2528	0.2447	0	0.12255	0.538	0.136	0.08928	0.08713	0.3532	0.2279	0.1564	0.09224	0.134	0.1657	0.16865	0.2132	0.2908	0	0.121006886792453	6.53437188679245
ENSG00000225551	ENSG00000225551.1	RP11-19J3.5	0	0	0	0	0	0	0	0	0	0	0	0	0	0	0	0	0	0	0	0	0	0	0	0	0	0	0	0	0	0	0	0	0	0	0	0	0	0	0	0	0	0	0	0	0	0	0	0	0	0	0	0	0	0	0
ENSG00000230302	ENSG00000230302.2	MTND3P4	0	0	0	0	0	0	0	0	0	0	0	0	0	0	0	0	0	0	0	0	0	0	0	0	0	0	0	0	0	0	0	0	0	0	0	0	0	0	0	0	0	0	0	0	0	0	0	0	0	0	0	0	0	0	0
ENSG00000229830	ENSG00000229830.1	RP11-341A22.1	0	0	0	0	0	0	0	0	0	0	0	0	0	0	0	0	0	0	0	0	0	0	0	0	0	0	0	0	0	0	0	0	0	0	0	0	0	0	0	0	0	0	0	0	0	0	0	0	0	0	0	0	0	0	0
ENSG00000237124	ENSG00000237124.1	MTND2P11	0	0	0	0	0	0	0	0	0	0	0	0	0	0	0	0	0	0	0	0	0	0	0	0	0	0	0	0	0	0	0	0	0	0	0	0	0	0	0	0	0.04192	0	0	0	0	0	0	0	0	0	0	0	0	0.000790943396226415	0.0427109433962264
ENSG00000230818	ENSG00000230818.1	MTND2P16	0	0	0	0	0	0	0	0	0	0	0	0	0	0	0	0	0	0	0	0	0	0	0	0	0	0	0	0	0	0	0	0	0	0	0	0	0	0	0	0	0	0	0	0	0	0	0	0	0	0	0	0	0	0	0
ENSG00000235940	ENSG00000235940.1	MTND1P21	0	0	0	0	0	0	0	0	0	0	0	0.145	0	0	0	0	0	0	0	0	0	0	0	0	0	0	0	0	0	0	0	0.3757	0.3131	0	0	0	0	0	0	0	0	0	0	0	0	0	0	0	0	0	0	0	0	0.0157320754716981	0.849532075471698
ENSG00000230112	ENSG00000230112.1	RP11-56H7.2	0	0	0	0	0	0	0	0	0	0	0	0	0	0	0	0	0	0	0	0	0	0	0	0	0	0	0	0	0	0	0	0.1931	0	0	0	0	0	0	0	0	0	0	0	0	0	0	0	0	0	0	0	0	0	0.00364339622641509	0.196743396226415
ENSG00000236626	ENSG00000236626.1	MTND5P17	0	0	0	0	0	0	0	0	0	0	0	0	0	0	0	0	0	0	0	0	0	0	0	0	0	0	0	0	0	0	0	0	0	0	0	0	0	0	0	0	0	0	0	0	0	0	0	0	0	0	0	0	0	0	0
ENSG00000228694	ENSG00000228694.1	MTND4P18	0	0	0	0	0	0	0	0	0	0	0	0	0	0	0	0	0	0	0	0	0	0	0	0	0	0	0	0	0	0	0	0	0	0	0	0	0	0	0	0	0	0	0	0	0	0	0	0	0	0	0	0	0	0	0
ENSG00000225276	ENSG00000225276.1	MTND1P18	0	0	0	0	0	0	0	0	0	0	0	0	0	0	0	0	0	0	0	0	0	0	0	0	0	0	0	0	0	0	0	0	0	0	0	0	0	0	0	0	0	0	0	0	0	0	0	0	0	0	0	0	0	0	0
ENSG00000256892	ENSG00000256892.1	MTRNR2L7	0	0	0	0	0	0	0	0	0	0	0	0	0	0	0	0	0	0	0	0	0	0	0	0	0	0	0	0	0	0	0	0	0	0	0	0	0	0	0	0	0	0	0	0	0	0	0	0	0	0	0	0	0	0	0
ENSG00000249860	ENSG00000249860.2	MTRNR2L5	0	0	0.084205	0	0	0	0	0	0	0	0	0	0	0	0	0	0	0	0	0	0	0	0	0	0	0	0	0	0	0	0	0	0	0	0	0	0	0	0	0	0	0.03023	0	0	0	0	0	0	0	0	0	0	0	0.00215915094339623	0.116594150943396
ENSG00000230755	ENSG00000230755.1	RP11-343J3.7	0	0	0	0	0	0	0	0	0	0	0	0	0	0	0	0	0	0	0	0	0	0	0	0	0	0	0	0	0	0	0	0	0	0	0	0	0	0	0	0	0	0	0	0	0	0	0	0	0	0	0	0	0	0	0
ENSG00000235803	ENSG00000235803.1	RP11-343J3.6	0	0	0	0	0	0	0	0	0	0	0	0	0	0	0	0	0	0	0	0	0	0	0	0	0	0	0	0	0	0	0	0	0	0	0	0	0	0	0	0	0	0	0	0	0	0	0	0	0	0	0	0	0	0	0
ENSG00000235524	ENSG00000235524.1	RP11-343J3.5	0	0	0	0	0	0	0	0	0	0	0	0	0	0	0	0	0	0	0	0	0	0	0	0	0	0	0	0	0	0	0	0	0	0	0	0	0	0	0	0	0	0	0	0	0	0	0	0	0.04907	0	0	0	0	0.000925849056603774	0.0499958490566038
ENSG00000231152	ENSG00000231152.1	MTND2P15	0	0	0	0	0	0	0	0	0	0	0	0	0	0	0	0	0	0	0	0	0	0	0	0	0	0	0	0	0	0	0	0	0	0	0	0	0	0	0	0	0	0	0	0	0	0	0	0	0.07087	0	0	0	0	0.00133716981132075	0.0722071698113208
ENSG00000226794	ENSG00000226794.1	MTND1P20	0	0	0	0	0	0	0	0	0	0	0	0	0	0	0	0	0	0	0	0	0	0	0	0	0	0	0	0	0	0	0	0	0	0	0	0	0	0	0	0	0	0	0	0	0	0	0	0	0.1091	0	0	0	0	0.00205849056603774	0.111158490566038
ENSG00000230338	ENSG00000230338.1	MTND4P19	0	0	0	0	0	0	0	0	0	0	0	0	0	0	0	0	0	0	0	0	0	0	0	0	0	0	0	0	1.193	0	0	0	0	0	2.208	0	0	0	0	0	0	0	0	0.1666	0.1391	1.399	0	0.5256	0	0	0	0.26	0	0.111156603773585	6.00245660377359
ENSG00000233377	ENSG00000233377.1	MTND4P20	0	0	0	0	0	0	0	0	0	0	0	0	0	0	0	0	0	0	0	0	0	0	0	0.15265	0	0	0.90515	0	4.664	0	0	0	0	0.5486	114.2	0.1237	0.1021	0	0	0	0.04836	0	0	1.07	0.741	17.91	0	9.272	0	0	0	1.184	0	2.84757660377359	153.769136603774
ENSG00000265092	ENSG00000265092.1	MIR4484	0	0	0	0	0	0	0	0	0	0	0	0	0	0	0	0	0	0	0	0	0	0	0	0	0	0	0	0	0	0	0	0	0	0	0	0	0	0	0	0	0	0	0	0	0	0	0	0	0	0	0	0	0	0	0
ENSG00000255823	ENSG00000255823.1	MTRNR2L8	2.033	1.634	4.479	1.307	1.627	1.556	2.357	9.063	6.533	7.021	3.8535	3.716	5.4185	6.268	8.192	6.665	7.317	7.479	7.039	8.5775	1.5285	3.225	1.71	1.565	1.88	1.97	2.092	2.12	1.67	2.0005	1.351	3.041	3.781	3.761	1.49	2.591	1.808	6.582	1.6195	1.403	0.71025	3.028	2.2685	2.86	3.113	2.508	2.1415	2.0975	2.121	1.7985	1.36	1.802	1.543	3.33349528301887	180.008745283019
ENSG00000256148	ENSG00000256148.1	RP11-809N8.5	2.3285	1.985	3.4425	1.593	1.892	2.512	1.272	5.3665	4.656	4.3615	2.6385	2.465	5.238	4.512	5.639	4.618	3.895	4.23	3.674	4.7135	2.261	1.6625	1.671	1.1425	1.844	2.242	3.0355	2.6375	1.825	2.486	2.355	4.633	6.237	3.551	3.115	2.471	2.079	4.143	2.189	1.492	1.132	1.224	2.23	3.128	3.068	3.192	2.0095	3.2165	1.771	2.3835	1.794	1.624	1.071	2.86693396226415	154.814433962264
ENSG00000254747	ENSG00000254747.1	RP11-664H7.1	0	0	0	0	0	0	0	0	0	0	0	0	0	0	0	0	0	0	0	0	0	0	0	0	0	0	0	0	0	0	0	0	0	0	0	0	0	0	0	0	0	0	0	0	0	0	0	0	0	0	0	0	0	0	0
ENSG00000255316	ENSG00000255316.1	RP11-664H7.2	0	0	0	0	0	0	0	0	0	0	0	0	0	0	0	0	0.038	0	0	0	0	0	0	0	0	0	0	0	0	0	0	0	0	0	0	0	0	0	0	0	0	0	0	0	0	0	0	0	0	0	0	0	0	0.000716981132075472	0.0387169811320755
ENSG00000254650	ENSG00000254650.1	RP11-665E10.5	0	0	0	0	0	0	0	0	0	0	0	0	0	0	0	0	0	0	0	0	0	0	0	0.024255	0	0	0	0	0	0	0	0	0	0	0	0	0.06784	0	0	0	0	0	0	0	0	0	0	0	0	0	0	0	0	0.00173764150943396	0.093832641509434
ENSG00000255022	ENSG00000255022.1	RP11-665E10.1	0	0	0	0	0	0	0	0	0	0	0	0	0	0	0	0	0	0	0	0	0	0	0	0	0	0	0	0	0	0	0	0	0	0	0	0	0	0	0	0	0	0	0	0	0	0	0	0	0	0	0	0	0	0	0
ENSG00000255055	ENSG00000255055.1	MTND1P35	0	0	0	0	0	0	0	0	0	0	0	0	0	0	0	0	0	0	0	0	0	0	0	0	0	0	0	0	0	0	0	0	0	0	0	0	0	0	0	0	0	0	0	0	0	0	0	0	0	0	0	0	0	0	0
ENSG00000254895	ENSG00000254895.2	RP11-37O16.7	0	0	0	0	0	0	0	0	0	0	0	0	0	0	0	0	0	0	0	0	0	0	0	0	0	0	0	0	0	0	0	0	0	0	0	0	0	0	0	0	0	0	0	0	0	0	0	0	0	0	0	0	0	0	0
ENSG00000254931	ENSG00000254931.2	RP11-37O16.6	0	0	0	0	0	0	0	0	0	0	0	0	0	0	0	0	0	0	0	0	0	0	0	0.0582	0	0	0	0	0	0	0	0	0	0	0	0	0	0	0.059485	0	0	0	0	0	0	0	0	0	0	0	0	0	0	0.00222047169811321	0.119905471698113
ENSG00000255417	ENSG00000255417.1	RP11-37O16.4	0	0	0	0	0	0	0	0	0	0	0	0	0	0	0	0	0	0	0	0	0	0	0	0	0	0	0	0	0	0	0	0	0	0	0	0	0	0	0	0	0	0	0	0	0	0	0	0	0	0	0	0	0	0	0
ENSG00000255350	ENSG00000255350.1	RP11-37O16.3	0.051865	0.01583	0.021815	0.05469	0.03482	0.03617	0.03671	0.020595	0.02261	0.03098	0	0	0.020195	0.02491	0.02064	0.03338	0.02972	0.01856	0	0	0.041685	0	0.02817	0.031035	0.07946	0	0	0	0	0	0	0.04318	0.02987	0.02665	0	0	0	0.015575	0.096785	0.07815	0	0.03302	0	0.02263	0.02724	0	0	0	0	0.039165	0.05076	0.0514	0	0.0220427358490566	1.19030773584906
ENSG00000254565	ENSG00000254565.1	MTND2P26	0	0	0	0	0	0	0	0	0	0	0	0	0	0	0	0	0	0	0	0	0	0	0	0.07025	0.1172	0	0	0	0	0	0	0	0	0	0	0	0	0	0.092445	0.08213	0	0	0	0	0	0	0	0	0	0	0	0	0	0.00683066037735849	0.368855660377359
ENSG00000253245	ENSG00000253245.2	MTND1P36	0	0	0	0	0	0	0.06721	0	0	0	0	0	0	0	0	0	0	0	0	0	0	0	0	0	0	0	0	0	0	0	0	0	0	0	0	0	0	0	0.09786	0.09421	0	0	0	0	0	0	0	0	0	0	0	0.06973	0	0.0062077358490566	0.335217735849057
ENSG00000255149	ENSG00000255149.1	RP11-97I14.1	0	0	0	0	0	0	0	0	0	0	0	0	0	0	0	0	0	0	0	0	0	0	0	0	0	0	0	0	0	0	0	0	0	0	0	0	0	0	0	0	0	0	0	0	0	0	0	0	0	0	0	0	0	0	0
ENSG00000256984	ENSG00000256984.1	RP11-551L14.6	0.21515	0.08607	0	0	0	0.127	0.3327	0	0	0	0.11415	0.1677	0	0	0	0	0	0	0	0	0.1717	0	0	0.32325	0.2031	0.1416	0.2068	0.1343	0	0.118	0	0	0	0	0	0.3333	0.1074	0	1.069	0	0	0.08186	0.23865	0.1739	0.2524	0.443	0.2189	0	0.1115	0.33775	0	0.2786	0	0.112976981132075	6.10075698113208
ENSG00000229899	ENSG00000229899.1	AC084290.2	0	0	0	0	0	0	0	0	0	0	0	0	0	0	0	0	0	0	0	0	0	0	0	0	0	0	0	0	0	0	0	0	0	0	0	0	0	0	0	0	0	0	0	0	0	0	0	0	0	0	0	0	0	0	0
ENSG00000258239	ENSG00000258239.1	MTND2P17	0	0	0	0	0	0	0	0	0	0	0	0	0	0	0	0	0	0	0	0	0	0	0	0	0	0	0	0	0	0	0	0	0	0	0	0	0	0	0	0	0	0	0	0	0	0	0	0	0	0	0	0	0	0	0
ENSG00000257858	ENSG00000257858.1	MTND1P24	0	0	0	0	0	0	0	0	0	0	0	0	0	0	0	0	0	0	0	0	0	0	0	0	0	0	0	0	0	0	0	0	0	0	0	0	0	0	0	0	0	0	0	0	0	0	0	0	0	0	0	0	0	0	0
ENSG00000226118	ENSG00000226118.1	MTND3P1	0	0	0	0	0	0	0	0	0	0	0	0	0	0	0	0	0	0	0	0	0	0	0	0	0	0	0	0	0	0	0	0	0	0	0	0	0	0	0	0	0	0	0	0	0	0	0	0	0	0	0	0	0	0	0
ENSG00000232102	ENSG00000232102.1	MTCO3P2	0	0	0	0	0	0	0	0	0	0	0	0	0	0	0	0	0	0	0	0	0	0	0	0	0	0	0	0	0	0	0	0	0	0	0	0	0	0	0	0	0	0	0	0	0	0	0	0	0	0	0	0	0	0	0
ENSG00000230009	ENSG00000230009.1	MTCO2P3	0	0	0	0	0	0	0	0	0	0	0	0	0	0	0	0	0	0	0	0	0	0	0	0	0	0	0	0	0	0	0	0	0	0	0	0	0	0	0	0	0	0	0	0	0	0	0	0	0.9219	0	0	0	0	0.0173943396226415	0.939294339622642
ENSG00000228597	ENSG00000228597.1	MTND4P1	0	0	0	0	0	0	0	0	0	0	0	0	0	0	0	0	0	0	0	0	0	0	0	0	0	0	0	0	0	0	0	0	0	0	0	0	0	0	0	0	0	0	0	0	0	0	0	0	0	0	0	0	0	0	0
ENSG00000232447	ENSG00000232447.1	MTND5P3	0	0	0	0	0	0	0	0	0	0	0	0	0	0	0	0	0	0	0	0	0	0	0	0	0	0	0	0	0	0	0	0	0	0	0	0	0	0	0	0	0	0	0	0	0	0	0	0	0	0	0	0	0	0	0
ENSG00000229622	ENSG00000229622.1	MTND5P2	0	0	0	0	0	0	0	0	0	0	0	0	0	0	0	0	0	0	0	0	0	0	0	0	0	0	0	0	0	0	0.05258	0	0	0	0	0	0	0	0	0	0	0	0	0	0	0	0	0	0	0	0	0	0.04051	0.00175641509433962	0.0948464150943396
ENSG00000227714	ENSG00000227714.1	MTND6P18	0	0	0	0	0	0	0	0	0	0	0	0	0	0	0	0	0	0	0	0	0	0	0	0	0	0	0	0	0	0	0	0	0	0	0	0	0	0	0	0	0	0	0	0	0	0	0	0	0	0	0	0	0	0	0
ENSG00000232373	ENSG00000232373.2	MTCYBP3	0	0	0	0	0	0	0	0	0	0	0	0	0	0	0	0	0	0	0	0	0	0	0	0	0	0	0	0	0	0	0.1868	0	0	0	0	0	0	0	0	0	0	0	0	0	0	0	0	0	0	0	0	0	0	0.00352452830188679	0.190324528301887
ENSG00000259045	ENSG00000259045.1	RP11-320M16.1	0.48435	0.3878	0.89915	0.3157	0.3422	0.5011	0.357	1.115	0.9947	0.8832	0.5295	0.6347	1.098	0.9577	1.1	0.917	0.7773	0.8702	0.6468	0.8705	0.4928	0.407	0.3697	0.1836	0.4021	0.4336	0.70395	0.5584	0.4196	0.50325	0.182	1.024	1.442	0.5546	0.6307	0.5242	0.4991	1.0255	0.4513	0.2501	0.221	0.217	0.3661	0.6726	0.6556	0.7388	0.3834	0.66105	0.3951	0.5148	0.3644	0.2817	0.1724	0.592138679245283	31.9754886792453
ENSG00000258762	ENSG00000258762.1	CTD-2320B12.3	0	0	0	0	0	0	0	0	0	0	0	0	0	0	0	0	0	0	0	0	0	0	0	0	0	0	0	0	0	0	0	0	0	0	0	0	0	0	0	0	0	0	0	0	0	0	0	0	0	0	0	0	0	0	0
ENSG00000258923	ENSG00000258923.2	CTD-2320B12.1	0	0	0	0	0	0	0	0	0	0	0	0	0	0	0	0	0	0	0	0	0	0	0	0	0	0	0	0	0	0	0	0	0	0	0	0	0	0	0	0	0	0	0	0	0	0	0	0	0	0	0	0	0	0	0
ENSG00000259012	ENSG00000259012.2	CTD-2320B12.2	0	0	0	0	0	0	0	0	0	0	0	0	0	0	0	0	0	0	0	0	0	0	0	0	0	0	0	0	0	0	0	0	0	0	0	0	0	0	0	0	0	0	0	0	0	0	0	0	0	0	0	0	0	0	0
ENSG00000258615	ENSG00000258615.1	RP11-725G5.3	0	0	0	0	0	0	0	0	0	0	0	0	0	0	0	0	0	0	0	0	0	0	0	0	0	0	0	0	0	0	0	0	0	0	0	0	0	0	0	0	0	0	0	0	0	0	0	0	0	0	0	0	0	0	0
ENSG00000260639	ENSG00000260639.1	RP11-602M11.4	0	0	0	0	0	0	0	0	0	0	0	0	0	0	0	0	0	0	0	0	0	0	0	0	0	0	0	0	0	0	0	0	0	0	0	0	0	0	0	0	0	0	0	0	0	0	0	0	0	0	0	0	0	0	0
ENSG00000259688	ENSG00000259688.1	RP11-139F4.2	0	0	0	0	0	0	0	0	0	0	0	0	0	0	0	0	0	0	0	0	0	0	0	0	0	0	0	0	0	0	0	0	0	0	0	0	0	0	0	0	0	0	0	0	0	0	0	0	0	0	0	0	0	0	0
ENSG00000259239	ENSG00000259239.1	RP11-521C20.1	0	0	0	0	0	0	0	0	0	0	0	0	0	0	0	0	0	0	0	0	0	0	0	0	0	0	0	0	0	0	0	0	0	0	0	0	0	0	0	0	0	0	0	0	0	0	0	0	0	0	0	0	0	0	0
ENSG00000259593	ENSG00000259593.1	RP11-640I2.1	0	0	0	0	0	0	0	0	0	0	0	0	0	0	0	0	0	0	0	0	0	0	0	0	0	0	0	0	0	0	0	0	0	0	0	0	0	0	0	0	0	0	0	0	0	0	0	0	0	0	0	0	0	0	0
ENSG00000259651	ENSG00000259651.2	CTD-2330J20.1	0	0	0	0	0	0	0	0	0	0	0	0	0	0	0	0	0	0	0	0	0	0	0	0	0	0	0	0	0	0	0	0	0	0	0	0	0	0	0	0	0	0	0	0	0	0	0	0	0.1745	0	0	0	0.2591	0.0081811320754717	0.441781132075472
ENSG00000259626	ENSG00000259626.2	RP11-925D8.2	0	0	0	0	0	0	0	0	0	0	0	0	0	0	0	0	0	0	0	0	0	0	0	0	0	0	0	0	0	0	0	0	0	0	0	0	0	0	0	0	0	0	0	0	0	0	0	0	0	0	0	0	0.2451	0.00462452830188679	0.249724528301887
ENSG00000259600	ENSG00000259600.2	RP11-925D8.3	0	0	0	0	0	0	0	0	0	0	0	0	0	0	0	0	0	0	0	0	0	0	0	0	0	0	0	0	0	0	0	0.02645	0	0	0.05405	0.06494	0	0	0	0	0	0	0	0	0	0	0	0	0.08368	0	0	0	0.2656	0.00933433962264151	0.504054339622642
ENSG00000259379	ENSG00000259379.1	RP11-925D8.5	0	0	0	0	0	0	0	0	0	0	0	0	0	0	0	0	0	0	0	0	0	0	0	0	0	0	0	0	0	0	0	0.03112	0	0	0.05843	0.0905	0	0	0	0	0	0	0	0	0	0	0.045555	0	0.08352	0	0	0	0.4427	0.0141853773584906	0.766010377358491
ENSG00000259671	ENSG00000259671.1	RP11-925D8.6	0	0	0	0	0	0	0	0	0	0	0	0	0	0	0	0	0	0	0	0	0	0	0	0	0	0	0	0	0	0	0	0	0	0	0.06156	0.1038	0	0	0	0	0	0	0	0	0	0	0	0	0	0	0	0	0.2896	0.00858415094339623	0.463544150943396
ENSG00000262118	ENSG00000262118.1	RP11-433P17.3	0.07712	0.08722	0.1507	0.1422	0.1716	0.1519	0.1848	0.083625	0.0921	0.1488	0.5218	0.594	0.1073	0.08124	0.07675	0.1232	0.1801	0.08451	0.1646	0.07405	0.12595	0.088155	0.1306	0.1415	0.3903	0.2394	0.09335	0.2081	0.05262	0.16695	0.4026	0.1508	0.104	0.06853	0.02924	0.1065	0.1549	0.063435	0.46245	1.737	0.1071	0.8353	0.29075	0.06096	0.07604	0.1021	0.10795	0.088695	0.6542	0.7027	0.4141	0.1983	0	0.223626226415094	12.0758162264151
ENSG00000263177	ENSG00000263177.1	RP11-433P17.2	0.073765	0.08424	0.18015	0.1762	0.1894	0.144	0.2957	0.072105	0.07355	0.1405	0.58105	0.6616	0.1046	0.09392	0.08794	0.1159	0.1645	0.075685	0.1499	0.050735	0.13505	0.09053	0.1333	0.34145	0.3809	0.2564	0.084045	0.21675	0.05033	0.1823	0.5388	0.1654	0.1219	0.08774	0	0.1206	0.1658	0.068355	0.53255	2.061	0.08876	0.922	0.3411	0.07436	0.08211	0.1245	0.11445	0.09433	0.6816	0.76495	0.535	0.2399	0	0.251164150943396	13.5628641509434
ENSG00000232196	ENSG00000232196.2	MTRNR2L4	0.10875	0.08334	0.1149	0.1592	0.157	0.1869	0.3441	0.09978	0.09278	0.1293	0.46745	0.6427	0.10915	0.1106	0.1086	0.1183	0.148	0.09522	0.1747	0.08051	0.14865	0.090905	0.1032	0.3978	0.4409	0.2316	0.10123	0.18395	0.05364	0.17075	0.08625	0.1464	0.1078	0.06215	0.0281	0.1254	0.1579	0.06927	0.49315	1.696	0.082245	0.7705	0.3345	0.1041	0.111	0.1047	0.12905	0.08609	0.6963	0.653	0.4452	0.2378	0	0.229826603773585	12.4106366037736
ENSG00000263241	ENSG00000263241.1	RP11-109M19.4	0	0	0	0	0	0	0	0	0	0	0	0	0	0	0	0	0	0	0	0	0	0	0	0	0	0	0	0	0	0	0	0	0	0	0	0	0	0	0	0	0	0	0	0	0	0	0	0	0.09221	0	0	0	0	0.00173981132075472	0.0939498113207547
ENSG00000262107	ENSG00000262107.1	RP11-109M19.5	0	0	0	0	0	0	0	0	0	0	0	0	0	0	0	0	0	0	0	0	0	0	0	0	0	0	0	0	0	0	0	0	0	0	0	0	0	0	0	0	0	0	0	0	0	0	0	0	0	0	0	0	0	0	0
ENSG00000261904	ENSG00000261904.1	RP11-109M19.3	0	0	0	0	0	0	0	0	0	0	0	0	0	0	0	0	0	0	0	0	0	0	0	0	0	0	0	0	0	0	0	0	0	0	0	0	0	0	0	0	0	0	0	0	0	0	0	0	0.1119	0	0	0	0	0.00211132075471698	0.114011320754717
ENSG00000262322	ENSG00000262322.1	RP11-109M19.2	0	0	0	0	0	0	0	0	0	0	0	0	0	0	0	0	0	0	0	0	0	0	0	0	0	0	0	0	0	0	0	0	0	0	0	0	0	0	0	0	0	0	0	0	0	0	0	0	0.2136	0	0	0	0	0.00403018867924528	0.217630188679245
ENSG00000262259	ENSG00000262259.1	CTD-2318B16.4	0	0	0	0	0	0	0	0	0	0	0	0	0	0	0	0	0	0	0	0	0	0	0	0	0	0	0	0	0	0	0	0	0	0	0	0	0	0	0	0	0	0	0	0	0	0	0	0	0.1455	0	0	0	0	0.00274528301886792	0.148245283018868
ENSG00000263196	ENSG00000263196.1	CTD-2318B16.3	0	0	0	0	0	0	0	0	0	0	0	0	0	0	0	0	0	0	0	0	0	0	0	0	0	0	0	0	0	0	0	0	0	0	0	0	0	0	0	0	0	0	0	0	0	0	0	0	0.2194	0	0	0	0	0.00413962264150943	0.223539622641509
ENSG00000262158	ENSG00000262158.1	CTD-2318B16.2	0	0	0	0	0	0	0	0	0	0	0	0	0	0	0	0	0	0	0	0	0	0	0	0	0	0	0	0	0	0	0	0	0	0	0	0	0	0	0	0	0	0	0	0	0	0	0	0	0.6356	0	0	0	0	0.0119924528301887	0.647592452830189
ENSG00000262381	ENSG00000262381.1	CTD-2318B16.1	0	0	0	0	0	0	0	0	0	0	0	0	0	0	0	0	0	0	0	0	0	0	0	0	0	0	0	0	0	0	0	0	0	0	0	0	0	0	0	0	0	0	0	0	0	0	0	0	0.8235	0	0	0	0	0.0155377358490566	0.839037735849057
ENSG00000260067	ENSG00000260067.1	RP11-98C8.1	0	0	0	0	0	0	0	0	0	0	0.35235	0.3193	0	0	0	0	0	0	0	0	0	0	0	0	0	0	0	0	0	0	0	0	0	0	0	0	0	0	0	0	0	0	0	0	0	0	0	0	0	0	0	0	0	0.012672641509434	0.684322641509434
ENSG00000260161	ENSG00000260161.1	CTD-2588J6.1	0	0	0	0	0	0	0	0	0	0	0.106	0.09299	0	0	0	0	0	0	0	0	0	0	0	0	0.1065	0	0	0	0	0	0.0889	0	0	0	0	0	0	0	0	0	0	0	0	0	0	0	0	0	0.06856	0	0	0	0	0.00873490566037736	0.471684905660377
ENSG00000263045	ENSG00000263045.1	RP11-28B23.1	0	0	0	0	0	0	0	0	0	0	0	0	0	0	0	0	0	0	0	0	0	0	0	0	0	0	0	0	0.2137	0	0	0.1624	0	0.7002	0	0	0	0	0	0	0	0	0	0.438	0.3948	0	0	0	0.1521	0	0	0	0	0.0388905660377359	2.10009056603774
ENSG00000266179	ENSG00000266179.2	RP11-1113L8.6	0	0	0	0	0	0	0	0	0	0	0	0	0	0	0	0	0	0	0	0	0	0	0	0	0	0	0	0	0	0	0	0	0	0	0	0	0	0	0	0	0	0	0	0	0	0	0	0	0	0	0	0	0	0	0
ENSG00000271900	ENSG00000271900.1	RP11-1113L8.7	0	0	0	0	0	0	0	0	0	0	0	0	0	0	0	0	0	0	0	0	0	0	0	0	0	0	0	0	0	0	0	0	0	0	0	0	0	0	0	0	0	0	0	0	0	0	0	0	0	0	0	0	0	0	0
ENSG00000227225	ENSG00000227225.1	MTND1P14	0	0	0.1456	0	0	0	0	0	0	0	0	0	0	0	0	0	0	0	0	0	0	0	0	0.034275	0.127	0	0	0	0	0	0	0	0	0	0.06711	0	0	0	0	0	0	0	0	0	0	0	0	0	0.1654	0	0.0632	0.04716	0	0.0122593396226415	0.662004339622641
ENSG00000242752	ENSG00000242752.3	TRNAQ41P	0	0	0	0	0	0	0	0	0	0	0	0	0	0	0	0	0	0	0	0	0	0	0	0	0	0	0	0	0	0	0	0	0	0	0	0	0	0	0	0	0	0	0	0	0	0	0	0	0	0	0	0	0	0	0
ENSG00000228725	ENSG00000228725.3	MTND2P12	0	0	0.1053	0	0	0	0	0	0	0	0	0	0	0	0	0	0	0	0	0	0	0	0	0.037825	0.04001	0	0	0	0	0	0	0	0	0	0.05402	0	0	0	0	0.04544	0	0	0	0	0	0	0	0	0.1767	0	0.04918	0.04598	0	0.0104614150943396	0.56491641509434
ENSG00000224254	ENSG00000224254.2	AC025627.4	0	0	0.12835	0	0	0	0	0	0	0	0	0	0	0	0	0	0	0	0	0	0	0	0	0.049335	0	0	0	0	0	0	0	0	0	0	0.06282	0	0	0	0	0	0	0	0	0	0	0	0	0	0.2208	0	0	0	0	0.0087038679245283	0.470008867924528
ENSG00000266529	ENSG00000266529.1	RP11-846F4.1	0	0	0	0	0	0	0	0	0	0	0	0	0	0	0	0	0	0	0	0	0	0	0	0	0	0	0	0	0	0	0	0	0	0	0	0	0	0	0	0	0	0	0	0	0	0	0	0	0	0	0	0	0	0	0
ENSG00000256618	ENSG00000256618.1	MTRNR2L1	0.1572	0.1481	0.2546	0.09224	0.1196	0.1436	0.08665	0.794	0.6303	0.7826	0.41315	0.3827	0.5198	0.5557	0.77	0.6779	0.8299	0.7046	0.4857	0.7283	0.1346	0.1403	0.0853	0.04979	0	0.1838	0.1708	0.1835	0.1143	0.16525	0.07061	0.3029	0.4429	0.4103	0.1525	0.1557	0.07713	0.2184	0.1224	0.08462	0.0592	0.1337	0.15755	0.1446	0.1433	0.1312	0.1074	0.17475	0.199	0.1372	0.1007	0.08869	0.1059	0.268394905660377	14.4933249056604
ENSG00000243655	ENSG00000243655.2	RP11-846F4.12	0	0	0	0	0	0	0	0	0	0	0	0	0	0	0	0	0	0	0	0	0	0	0	0	0	0	0	0	0	0	0	0	0	0	0	0	0	0	0	0	0	0	0	0	0	0	0	0	0	0	0	0	0	0	0
ENSG00000264168	ENSG00000264168.1	MTND1P15	0	0	0	0	0	0	0	0	0	0	0	0	0	0	0	0	0	0	0	0	0	0	0	0	0	0	0	0	0	0	0	0	0	0	0	0	0	0	0	0	0	0	0	0	0	0	0	0	0	0	0	0	0	0	0
ENSG00000263914	ENSG00000263914.1	RP11-846F4.5	0	0	0	0	0	0	0	0	0	0	0	0	0	0	0	0	0	0	0	0	0	0	0	0	0	0	0	0	0	0	0	0	0	0	0	0	0	0	0	0	0	0	0	0	0	0	0	0	0	0	0	0	0	0	0
ENSG00000240103	ENSG00000240103.2	RP11-846F4.6	0	0	0	0	0	0	0	0	0	0.01079	0	0	0	0	0.009402	0.008811	0	0.01079	0	0.00932	0	0	0	0	0	0	0	0	0	0	0	0	0.01068	0	0	0	0	0	0	0	0	0	0	0	0	0	0	0	0	0	0	0	0	0.00112816981132075	0.0609211698113208
ENSG00000263483	ENSG00000263483.1	MTATP6P3	0	0	0	0	0	0	0	0	0	0	0	0	0	0	0	0	0	0	0	0	0	0	0	0	0	0	0	0	0	0	0	0	0	0	0	0	0	0	0	0	0	0	0	0	0	0	0	0	0	0	0	0	0	0	0
ENSG00000264316	ENSG00000264316.1	RP11-846F4.9	0	0	0	0	0	0	0	0	0	0	0	0	0	0	0	0	0	0	0	0	0	0	0	0	0	0	0	0	0	0	0	0	0	0	0	0	0	0	0	0	0	0	0	0	0	0	0	0	0	0	0	0	0	0	0
ENSG00000262902	ENSG00000262902.1	RP11-750B16.1	2.971	2.409	4.937	1.855	2.174	3.213	2.764	7.192	6.274	5.9115	3.372	3.776	6.5655	6.178	6.914	5.617	4.975	5.933	4.102	5.826	2.725	2.184	2.122	1.718	2.194	2.747	4.497	3.2985	2.395	3.165	2.46	6.129	8.883	4.454	4.304	2.999	2.771	5.7325	2.765	1.85	1.401	1.491	2.3305	3.619	3.826	4.598	2.8175	4.4205	2.432	2.9385	1.922	2.117	1.354	3.72866037735849	201.347660377358
ENSG00000271749	ENSG00000271749.1	RP11-269G24.7	0	0.1673	0	0	0	0	0.2113	0	0	0	0	0	0	0	0	0	0	0	0	0	0.1409	0	0.543	0	0.2599	0	0	0	0	0	0	0	0	0	0	0.3471	0.2201	0	0.3359	0	0	0.2122	0.20145	0.2181	0.1603	0	0	0	0.5264	0	0.1705	0.2254	0	0.0743367924528302	4.01418679245283
ENSG00000267541	ENSG00000267541.1	RP11-380M21.2	5.8015	5.289	7.526	3.267	4.394	4.32	4.393	11.295	10.66	12.525	7.417	7.866	9.3965	10.24	11.54	10.9	11.42	13.41	10.62	13.32	5.4795	4.068	4.086	3.2975	4.397	6.921	8.112	6.2525	4.332	6.526	4.101	7.164	11.44	10.62	6.738	4.818	4.754	6.9655	4.8715	3.455	2.7565	4.299	6.2715	5.47	5.791	7.148	4.5875	6.7755	4.726	5.769	3.576	4.052	2.463	6.74874528301887	364.432245283019
ENSG00000267713	ENSG00000267713.1	RP11-10I6.2	0	0	0	0	0	0	0	0	0	0	0	0	0	0	0	0	0	0	0	0	0	0	0	0	0	0	0	0	0	0	0	0	0	0	0	0	0	0	0	0	0	0	0	0	0	0	0	0	0	0	0	0	0	0	0
ENSG00000230321	ENSG00000230321.1	CTD-3105H18.9	0	0	0	0	0	0	0	0	0	0	0.13075	0.1408	0	0	0	0	0	0	0	0	0	0	0	0	0	0	0	0	0	0	0	0	0	0	0	0	0.07133	0	0	0.1344	0	0	0.073425	0	0	0.05263	0.064065	0	0.2265	0.07322	0.08087	0	0	0.0197733962264151	1.06776339622642
ENSG00000234003	ENSG00000234003.1	CTD-3105H18.11	0	0	0	0.05392	0	0.04935	0.1615	0.04065	0.04266	0.068295	0.31205	0.2828	0	0.03486	0	0.03521	0.08685	0.050245	0	0	0.080025	0	0	0	0.2276	0	0.078525	0.01114	0	0	0.1838	0	0	0	0	0.08355	0.08697	0	0.10155	0.1712	0.048735	0.0588	0.10805	0	0	0.118	0.08971	0	0.3518	0.12905	0.1366	0.06836	0	0.0632425471698113	3.41509754716981
ENSG00000269786	ENSG00000269786.1	CTC-258N23.3	0	0	0	0	0	0	0	0	0	0	0	0	0	0	0	0	0	0	0	0	0	0	0	0	0	0	0	0	0	0	0	0	0	0	0	0	0	0	0	0	0	0	0	0	0	0	0	0	0	0	0	0	0	0	0
ENSG00000231961	ENSG00000231961.1	RP5-967N21.7	0	0	0	0	0	0	0	0	0	0	0	0	0	0	0	0	0	0	0	0	0	0	0	0	0	0	0	0	0	0	0	0	0	0	0	0	0	0	0	0	0	0	0	0	0	0	0	0	0	0	0	0	0	0	0
ENSG00000231034	ENSG00000231034.1	RP11-346K17.3	0	0	0	0	0	0	0	0	0	0	0	0	0	0	0	0	0	0	0	0	0	0	0	0	0	0	0	0	0	0	0	0	0	0	0	0	0	0	0	0	0	0	0	0	0	0	0	0	0	0	0	0	0	0	0
ENSG00000228995	ENSG00000228995.1	MTND1P9	0	0	0	0	0	0	0	0	0	0	0.072825	0.05575	0	0	0	0	0	0	0	0	0	0	0	0	0	0	0	0	0	0	0	0	0	0	0	0	0	0	0	0	0	0	0	0.06523	0.04183	0	0	0	0.08104	0	0	0	0	0.005975	0.32265
ENSG00000256222	ENSG00000256222.1	MTRNR2L3	0.02749	0.02611	0.037925	0	0	0	0.03386	0.1111	0.08655	0.10155	0.10895	0.1039	0.07148	0.08976	0.1077	0.08439	0.1041	0.1035	0.09153	0.09596	0.02426	0.04495	0.04627	0.039395	0	0.02845	0.031905	0.033945	0.03166	0.031795	0.07277	0.04073	0.05259	0.05927	0.02444	0.02701	0.02754	0.023095	0.03532	0.04334	0	0.03324	0.024015	0.07392	0.06325	0.02976	0	0.032075	0.1094	0.038985	0.02882	0.01891	0.02	0.0486219811320755	2.62558698113208
ENSG00000229690	ENSG00000229690.1	MTCO2P1	0	0	0	0	0	0	0	0	0	0	0	0	0	0	0	0	0	0	0	0	0	0	0	0	0	0	0	0	0	0	0	0	0	0	0	0	0	0	0	0	0	0	0	0	0	0	0	0	0	0	0	0	0	0	0
ENSG00000224747	ENSG00000224747.1	AP001065.7	0.3255	0.23	0.076975	0.4611	0.2794	0.2084	1.456	0.05268	0.0456	0.039275	0	0	0.039995	0.04276	0.02173	0.1515	0.06338	0.03049	0.1859	0.0361	0.39225	0.14735	0.0995	0.38055	0.4951	1.781	0.63195	0.6828	0.1929	0.5131	0.4599	0.1402	0.06109	0.02455	0.6602	0.4303	0.317	0	1.446	1.152	0.08151	0.1337	0.2284	0.4846	0.5133	0.2428	0.09962	0.4139	0.9436	0.1462	0.5813	0.5584	0	0.343053867924528	18.5249088679245
ENSG00000223431	ENSG00000223431.1	MTND6P21	0.2324	0.1547	0	0.27	0.201	0.09217	0.7229	0	0	0	0	0	0	0	0	0.08883	0.0296	0	0.09204	0	0.2599	0	0	0.2172	0.5187	1.544	0.48575	0.44545	0.1087	0.34095	0.4128	0.09705	0.03594	0	0.5221	0.3122	0.2036	0	0.92075	0.9233	0.063365	0.08842	0.14395	0.3401	0.2756	0.1724	0.0844	0.31785	0.5012	0.0856	0.4107	0.3826	0	0.22826820754717	12.3264832075472
ENSG00000227999	ENSG00000227999.1	MTND5P1	0.7746	0.5107	0.19195	1.05	0.7059	0.4496	2.07	0.1806	0.1694	0.12095	0.07891	0.08794	0.14915	0.1171	0.09375	0.3722	0.196	0.080615	0.4275	0.084115	0.78785	0.2746	0.16	0.86655	1.145	5.235	1.517	1.63	0.4277	1.1585	1.013	0.2921	0.155	0.1196	2.22	1.042	0.6854	0.04873	3.0605	2.678	0.2055	0.4021	0.71065	1.083	1.048	0.5151	0.3659	0.95335	1.115	0.3857	1.4	1.271	0.02446	0.79070320754717	42.6979732075472
ENSG00000228930	ENSG00000228930.1	MTCO1P3	0	0	0	0	0	0	0	0	0	0	0	0	0	0	0	0	0	0	0	0	0	0	0	0	0	0	0	0	0	0	0	0	0	0	0	0	0	0	0	0	0	0	0	0	0	0	0	0	0	0	0	0	0	0	0
ENSG00000228122	ENSG00000228122.1	MTND1P17	0	0	0	0	0	0	0	0	0	0	0	0	0	0	0	0	0	0	0	0	0	0	0	0	0	0	0	0	0	0	0	0	0	0	0	0	0	0	0	0	0	0	0	0	0	0	0	0	0	0	0	0	0	0	0
ENSG00000232014	ENSG00000232014.1	MTND1P13	0	0	0	0	0	0	0	0	0	0	0	0	0	0	0	0	0	0	0	0	0	0	0	0	0	0	0	0	0	0	0	0	0	0	0	0	0	0	0	0	0	0	0	0	0	0	0	0	0.3321	0	0	0	0	0.00626603773584906	0.338366037735849
ENSG00000233764	ENSG00000233764.1	Z95114.4	0	0	0	0	0	0	0	0	0	0	0	0	0	0	0	0	0	0	0	0	0	0	0	0	0	0	0	0	0	0	0	0	0	0	0	0	0	0	0	0	0	0	0	0	0	0	0	0	0	0	0	0	0	0	0
ENSG00000231576	ENSG00000231576.1	Z95114.3	0	0	0	0	0	0	0	0	0	0	0	0	0	0	0	0	0	0	0	0	0	0	0	0	0	0	0	0	0	0	0	0	0	0	0	0	0	0	0	0	0	0	0	0	0	0	0	0	0	0	0	0	0	0	0
ENSG00000237948	ENSG00000237948.1	Z95114.5	0	0	0	0	0	0	0	0	0	0	0	0	0	0	0	0	0	0	0	0	0	0	0	0	0	0	0	0	0	0	0	0	0	0	0	0	0	0	0	0	0	0	0	0	0	0	0	0	0	0	0	0	0	0	0
ENSG00000225557	ENSG00000225557.1	Z95114.6	0	0	0	0	0	0	0	0	0	0	0	0	0	0	0	0	0	0	0	0	0	0	0	0	0	0	0	0	0	0	0	0	0	0	0	0	0	0	0	0	0	0	0	0	0	0	0	0	0	0	0	0	0	0	0
ENSG00000237129	ENSG00000237129.1	Z95114.7	0	0	0	0	0	0	0	0	0	0	0	0	0	0	0	0	0	0	0	0	0	0	0	0	0	0	0	0	0	0	0	0	0	0	0	0	0	0	0	0	0	0	0	0	0	0	0	0	0	0	0	0	0	0	0
ENSG00000229088	ENSG00000229088.1	MTND1P10	0	0	0	0	0	0	0	0	0	0	0	0	0	0	0	0	0	0	0	0	0	0	0	0	0	0	0	0	0	0	0	0	0	0	0	0	0	0	0	0	0	0	0	0	0	0	0	0	0	0	0	0	0	0	0
ENSG00000235039	ENSG00000235039.1	MTND6P12	0	0	0	0	0	0	0	0	0	0	0	0	0	0	0	0	0	0	0	0	0	0	0	0	0	0	0	0	0	0	0	0	0	0	0	0	0	0	0	0	0	0	0	0	0	0	0	0	0	0	0	0	0	0	0
ENSG00000226313	ENSG00000226313.1	RP11-585K14.2	0	0	0	0	0	0	0	0	0	0	0	0	0	0	0	0	0	0	0	0	0	0	0	0	0	0	0	0	0	0	0	0	0	0	0	0	0	0	0	0	0	0	0	0	0	0	0	0	0	0	0	0	0	0	0
ENSG00000229760	ENSG00000229760.1	RP11-266I3.5	0	0	0	0	0	0	0	0	0	0	0	0	0	0	0	0	0	0	0	0	0	0	0	0	0	0	0	0	0	0	0	0	0	0	0	0	0	0	0	0	0	0	0	0	0	0	0	0	0	0	0	0	0	0	0
ENSG00000231947	ENSG00000231947.1	MTND2P24	0	0	0	0	0	0	0	0	0	0	0	0	0	0	0	0	0	0	0	0	0	0	0	0	0	0	0	0	0	0	0	0	0	0	0	0	0	0	0	0	0	0	0	0	0	0	0	0	0	0	0	0	0	0	0
ENSG00000238047	ENSG00000238047.1	MTND1P30	0	0	0	0	0	0	0	0	0	0	0	0	0	0	0	0	0	0	0	0	0	0	0	0	0	0	0	0	0	0	0	0	0	0	0	0	0	0	0	0	0	0	0	0	0	0	0	0	0	0	0	0	0	0	0
ENSG00000256045	ENSG00000256045.1	MTRNR2L10	0.14125	0.1504	0.31035	0.09364	0.1346	0.1534	0.08746	1.1125	0.8625	0.89135	0.4876	0.4766	0.66435	0.7173	0.9133	0.7939	0.9947	0.9805	0.5743	1.0295	0.13395	0.1364	0.1072	0.07241	0.05409	0.1851	0.20265	0.22975	0.1142	0.1959	0.05616	0.3546	0.4749	0.4057	0.1681	0.1438	0.1007	0.21685	0.1363	0.09485	0.05172	0.1582	0.1575	0.1299	0.1532	0.1555	0.12305	0.2025	0.2377	0.1278	0.09067	0.07582	0.1077	0.319327735849057	17.2436977358491
ENSG00000235170	ENSG00000235170.1	MTND1P31	0	0	0	0	0	0	0	0	0	0	0	0	0	0	0	0	0	0	0	0	0	0	0	0	0	0	0	0	0	0	0	0	0	0	0	0	0	0	0	0	0	0	0	0	0	0	0	0	0	0	0	0	0	0	0
ENSG00000228182	ENSG00000228182.1	MTND2P25	0	0	0	0	0	0	0	0	0	0	0	0	0	0	0	0	0	0	0	0	0	0	0	0	0	0	0	0	0	0	0	0	0	0	0	0	0	0	0	0	0	0	0	0	0	0	0	0	0	0	0	0	0	0	0
ENSG00000226579	ENSG00000226579.1	RP11-351K23.3	0	0	0	0	0	0	0	0	0	0	0	0	0	0	0	0	0	0	0	0	0	0	0	0	0	0	0	0	0	0	0	0	0	0	0	0	0	0	0	0	0	0	0	0	0	0	0	0	0	0	0	0	0	0	0
ENSG00000235382	ENSG00000235382.1	MTND4P31	0	0	0	0	0	0	0	0	0	0	0	0	0	0	0	0	0	0	0	0	0	0	0	0	0	0	0	0	0	0	0	0	0	0	0	0	0	0	0	0	0	0	0	0	0	0	0	0	0	0	0	0	0	0	0
ENSG00000233484	ENSG00000233484.2	RP11-74B21.1	0	0	0	0	0	0	0	0	0	0	0	0	0	0	0	0	0	0	0	0	0	0	0	0	0	0	0	0	0	0	0	0	0	0	0	0	0	0	0	0	0	0	0	0	0	0	0	0	0	0	0	0	0	0	0
ENSG00000234901	ENSG00000234901.1	MTND6P13	0	0	0	0	0	0	0	0	0	0	0	0	0	0	0	0	0	0	0	0	0	0	0	0	0	0	0	0	0	0	0	0	0	0	0	0	0	0	0	0	0	0	0	0	0	0	0	0	0	0	0	0	0	0	0
ENSG00000232282	ENSG00000232282.1	MTND1P32	0	0	0	0	0	0	0	0	0	0	0	0	0	0	0	0	0	0	0	0	0	0	0	0	0	0	0	0	0	0	0	0	0	0	0	0	0	0	0	0	0	0	0	0	0	0	0	0	0	0	0	0	0	0	0
ENSG00000229954	ENSG00000229954.1	MTND2P2	0	0	0	0	0	0	0	0	0	0	0	0	0	0	0	0	0	0	0	0	0	0	0	0	0	0	0	0	0	0	0	0	0	0	0	0	0	0	0	0	0	0	0	0	0	0	0	0	0	0	0	0	0	0	0
ENSG00000237300	ENSG00000237300.2	RP11-522L3.3	0	0	0	0	0	0	0	0	0	0	0	0	0	0	0	0	0	0	0	0	0	0	0	0	0	0	0	0	0	0	0	0	0	0	0	0	0	0	0	0	0	0	0	0	0	0	0	0	0	0	0	0	0	0	0
ENSG00000237628	ENSG00000237628.2	RP11-522L3.4	0	0	0	0	0	0	0	0	0	0	0	0	0	0	0	0	0	0	0	0	0	0	0	0	0	0	0	0	0	0	0	0	0	0	0	0	0	0	0	0	0	0	0	0	0	0	0	0	0	0	0	0	0	0	0
ENSG00000228316	ENSG00000228316.1	RP11-522L3.5	0	0	0	0	0	0	0	0	0	0	0	0	0	0	0	0	0	0	0	0	0	0	0	0	0	0	0	0	0	0	0	0	0	0	0	0	0	0	0	0	0	0	0	0	0	0	0	0	0	0	0	0	0	0	0
ENSG00000224471	ENSG00000224471.2	RP11-522L3.6	0	0	0	0	0	0	0	0	0	0	0	0	0	0	0	0	0	0	0	0	0	0	0	0	0	0	0	0	0	0	0	0	0	0	0	0	0	0	0	0	0	0	0	0	0	0	0	0	0	0	0	0	0	0	0
ENSG00000234886	ENSG00000234886.1	MTND5P26	0	0	0	0	0	0	0	0	0	0	0	0	0	0	0	0	0	0	0	0	0	0	0	0	0	0	0	0	0	0	0	0	0	0	0	0	0	0	0	0	0	0	0	0	0	0	0	0	0	0	0	0	0	0	0
ENSG00000227649	ENSG00000227649.1	RP11-522L3.9	0	0	0	0	0	0	0	0	0	0	0	0	0	0	0	0	0	0	0	0	0	0	0	0	0	0	0	0	0	0	0	0	0	0	0	0	0	0	0	0	0	0	0	0	0	0	0	0	0	0	0	0	0	0	0
ENSG00000229794	ENSG00000229794.2	RP11-522L3.11	0	0	0	0	0	0	0	0	0	0	0	0	0	0	0	0	0	0	0	0	0	0	0	0	0	0	0	0	0	0	0	0	0	0	0	0	0	0	0	0	0	0	0	0	0	0	0	0	0	0	0	0	0	0	0
ENSG00000230916	ENSG00000230916.2	RP11-10B2.1	0.4037	0.3791	0.79625	0.2651	0.3249	0.471	0.4019	1.082	1.014	1.0195	0.536	0.5826	1.17	1.041	1.085	0.9808	0.9042	0.97975	0.7631	0.85875	0.4008	0.3594	0.3196	0.1425	0.4337	0.3702	0.6842	0.51505	0.3758	0.4801	0.49	0.9912	1.514	0.6225	0.6244	0.4556	0.4477	0.9108	0.3928	0.2246	0.2234	0.1871	0.35965	0.5725	0.5803	0.7688	0.4218	0.6413	0.3482	0.44385	0.2749	0.241	0.1696	0.58577358490566	31.6317735849057
ENSG00000231501	ENSG00000231501.1	MTND4LP1	0	0	0	0	0	0	0	0	0	0	0	0	0	0	0	0	0	0	0	0	0	0	0	0	0	0	0	0	0	0	0	0	0	0	0	0	0	0	0	0	0	0	0	0	0	0	0	0	0	0	0	0	0	0	0
ENSG00000232177	ENSG00000232177.1	MTND4P24	1.23	1.165	1.722	0.6139	0.711	0.8245	0.8892	2.056	1.607	1.9145	1.21	1.591	1.7885	1.478	1.893	1.773	1.621	1.808	1.573	1.73	1.19	0.84455	0.6982	0.46905	1.202	1.166	1.2985	1.2955	0.7248	1.252	1.289	1.677	2.406	1.5	1.529	1.038	1.111	1.523	1.073	0.7165	0.53555	0.8377	1.3605	1.085	1.021	1.3	0.7651	1.4745	1.096	1.2575	0.8141	0.7355	0.3702	1.24253490566038	67.0968849056604
ENSG00000226414	ENSG00000226414.1	RP11-375A20.1	0	0	0	0	0	0	0	0	0	0	0	0	0	0	0	0	0	0	0	0	0	0	0	0	0	0	0	0	0	0	0	0	0	0	0	0	0	0	0	0	0	0	0	0	0	0	0	0	0	0	0	0	0	0	0
ENSG00000235539	ENSG00000235539.1	MTND1P33	0	0	0	0	0	0	0	0	0	0	0	0	0	0	0	0	0	0	0	0	0	0	0	0	0	0	0	0	0	0	0	0	0	0	0	0	0	0	0	0	0	0	0	0	0	0	0	0	0	0	0	0	0	0	0
ENSG00000230130	ENSG00000230130.1	RP5-1189K21.2	0	0	0	0	0	0	0	0	0	0	0	0	0	0	0	0	0	0	0	0	0	0	0	0	0	0	0	0	0	0	0	0	0	0	0	0	0	0	0	0	0	0	0	0	0	0	0	0	0	0	0	0	0	0	0
ENSG00000223955	ENSG00000223955.1	MTND6P1	0	0	0	0	0	0	0	0	0	0	0	0	0	0	0	0	0	0	0	0	0	0	0	0	0	0	0	0	0	0	0	0	0	0	0	0	0	0	0	0	0	0	0	0	0	0	0	0	0	0	0	0	0	0	0
ENSG00000234179	ENSG00000234179.1	MTCYBP1	0	0	0	0	0	0	0	0	0	0	0	0	0	0	0	0	0	0	0	0	0	0	0	0	0	0	0	0	0	0	0	0	0	0	0	0	0	0	0	0	0	0	0	0	0	0	0	0	0	0	0	0	0	0	0
ENSG00000226529	ENSG00000226529.1	MTND1P1	0	0	0	0	0	0	0	0	0	0	0	0	0	0	0	0	0	0	0	0	0	0	0	0	0	0	0	0	0	0	0	0	0	0	0	0	0	0	0	0	0	0	0	0	0	0	0	0	0	0	0	0	0	0	0
ENSG00000234850	ENSG00000234850.1	MTND2P3	0	0	0	0	0	0	0	0	0	0	0	0	0	0	0	0	0	0	0	0	0	0	0	0	0	0	0	0	0	0	0	0	0	0	0	0	0	0	0	0	0	0	0	0	0	0	0	0	0	0	0	0	0	0	0
ENSG00000217179	ENSG00000217179.1	MTCYBP2	0	0	0	0	0	0	0	0	0	0	0	0	0	0	0	0	0	0	0	0	0	0	0	0	0	0	0	0	0	0	0	0	0	0	0	0	0	0	0	0	0	0	0	0	0	0	0	0	0	0	0	0	0	0	0
