ensembl_gene_id	GTEx_gene_id_version	Description	Adipose...Subcutaneous	Adipose...Visceral..Omentum.	Adrenal.Gland	Artery...Aorta	Artery...Coronary	Artery...Tibial	Bladder	Brain...Amygdala	Brain...Anterior.cingulate.cortex..BA24.	Brain...Caudate..basal.ganglia.	Brain...Cerebellar.Hemisphere	Brain...Cerebellum	Brain...Cortex	Brain...Frontal.Cortex..BA9.	Brain...Hippocampus	Brain...Hypothalamus	Brain...Nucleus.accumbens..basal.ganglia.	Brain...Putamen..basal.ganglia.	Brain...Spinal.cord..cervical.c.1.	Brain...Substantia.nigra	Breast...Mammary.Tissue	Cells...EBV.transformed.lymphocytes	Cells...Transformed.fibroblasts	Cervix...Ectocervix	Cervix...Endocervix	Colon...Sigmoid	Colon...Transverse	Esophagus...Gastroesophageal.Junction	Esophagus...Mucosa	Esophagus...Muscularis	Fallopian.Tube	Heart...Atrial.Appendage	Heart...Left.Ventricle	Kidney...Cortex	Liver	Lung	Minor.Salivary.Gland	Muscle...Skeletal	Nerve...Tibial	Ovary	Pancreas	Pituitary	Prostate	Skin...Not.Sun.Exposed..Suprapubic.	Skin...Sun.Exposed..Lower.leg.	Small.Intestine...Terminal.Ileum	Spleen	Stomach	Testis	Thyroid	Uterus	Vagina	Whole.Blood	tissue_means	sum
ENSG00000225972	ENSG00000225972.1	MTND1P23	14.9	11.65	14.9	6.127	7.57	8.285	7.068	19.735	17.41	18.905	12.685	16.01	19.405	17.34	17.79	15.52	16.96	19.175	15.74	18.965	12.81	4.9045	6.306	5.8515	8.977	10.64	11.685	10.059	5.892	9.8765	6.905	16.28	23.28	17.89	10.46	9.282	8.829	16.825	10.0085	5.858	5.5455	7.311	9.68	10.33	11.57	12.79	7.647	12.655	13.64	8.7245	6.845	6.069	4.364	11.81	637.74
ENSG00000225630	ENSG00000225630.1	MTND2P28	941.2	989	907	324.7	492.5	354.5	483.1	1152.5	1152	1555.5	609.75	830.6	1226.5	938.6	1259	1132	1258	1584.5	1065	1369	885.85	214.15	201.9	343.55	406.1	820	796.65	783.55	330.6	781.45	507	1123	1274	1076	754.3	444.7	512.1	752.1	582.75	382.9	340.55	514	805.2	597.1	555.3	772.2	366.55	884.2	566.7	557.8	433.8	377.2	56.35	743.859433962264	40168.4094339623
ENSG00000237973	ENSG00000237973.1	hsa-mir-6723	48.22	47.65	113.35	30.28	39.04	43.87	54.78	133.6	129.6	117.35	51.345	57.81	139.65	113.1	136.3	117.1	92.65	119.2	71.95	109.1	51.145	38.55	35.98	31.595	55.84	51.19	94.69	64.255	46.06	63.4	46.84	131.3	180.6	86.12	82.2	46.4	48.9	104.05	36.645	31.14	25.095	20.53	39.98	66.93	65.01	89.01	49.295	82.76	41.27	52.975	38.6	33.1	14.17	70.0296226415094	3781.59962264151
ENSG00000229344	ENSG00000229344.1	RP5-857K21.7	14.9	14.15	20.115	8.122	10.61	10.4	13.04	29.125	29.6	31.985	18.43	19.61	27.69	28.83	31.15	30.63	28.33	35.845	25.97	36.065	14.11	11.74	11.15	7.535	7.978	17.63	21.585	16.555	11.35	16.915	8.796	19.48	31.66	25.74	19.13	12.76	12.65	19.17	11.65	7.806	6.562	11.85	15.595	13.39	14.31	20.03	11.25	17.605	12.63	14.455	9.581	9.288	5.665	17.588641509434	949.786641509434
ENSG00000240409	ENSG00000240409.1	MTATP8P1	20.14	18.35	22.235	9.655	12.64	11.93	11.29	29.345	26.89	28.835	15	21.56	27.285	22.59	28.54	27.31	26.34	30.6	20.05	29.06	17.995	9.4795	9.593	6.122	12.43	17.71	19.725	16.95	10.32	16.11	9.232	31.32	39.95	23.26	23.38	13.22	12.41	24.81	14.015	9.465	7.5835	12.56	20.45	15.73	15.96	23.55	10.225	21.275	13.79	16.035	10.12	10.74	4.042	18.0981509433962	977.300150943396
ENSG00000248527	ENSG00000248527.1	MTATP6P1	3108	3881	5478.5	1767	2189	1917	2810	6332.5	6276	7405	4014.5	4581	6114.5	5363	6642	6173	6691	7739	4649	6209	3424.5	1650.5	1379	1818.5	2113	3499	4288.5	3503	1995	3619.5	2240	6837	8294	6276	5360	2172	2473	4844.5	2221	2238	1411	2510	4062.5	2779	2536	4085	2440	4273.5	2798	3056.5	2252	1989	487	3854.06603773585	208119.566037736
ENSG00000198744	ENSG00000198744.5	RP5-857K21.11	24	20.86	30.395	11.91	15.44	17.23	13.36	47.77	40.95	35.47	23.57	24.96	34.25	35.24	48.45	41.13	41.23	40.96	26.24	37.205	23.2	12.795	11.07	9.4535	10.27	20.04	25.815	21.49	14.15	20.54	12.91	37.83	57.99	40.06	23.46	15.31	18.2	28.555	18.005	11.68	8.6045	16.7	20.22	22.15	23.85	25.23	13.44	22.76	22.25	23.325	11.95	13.46	6.766	24.0405471698113	1298.18954716981
ENSG00000236055	ENSG00000236055.1	RP11-423O2.2	0.2077	0.1063	0.3126	0.2248	0.2777	0.2279	0.4662	0	0	0	0.1363	0.2355	0	0	0	0	0	0	0.06852	0	0.2988	0.41415	0.2655	0.273755	0.5069	0.2704	0.16005	0.29195	0.1463	0.23945	0.2888	0.1349	0.1004	0.08294	0.04784	0.2204	0.3674	0.25285	0.49995	0.7116	0.10825	0.3116	0.36245	0.2987	0.3788	0.2231	0.1527	0.18085	0.5362	0.6705	0.4457	0.3454	0	0.223624622641509	12.0757296226415
ENSG00000230255	ENSG00000230255.1	RP11-423O2.1	0.14175	0.08487	0.1855	0.1371	0.158	0.1597	0.3726	0	0	0	0.07466	0.1843	0.027285	0	0	0	0	0	0.06442	0	0.18445	0.23205	0.1766	0.19515	0.781	0.1477	0.1232	0.1673	0.08054	0.168	0.3204	0.09462	0.05673	0.05254	0.03289	0.1124	0.2355	0.1507	0.33545	0.4597	0.068125	0.2102	0.1976	0.2087	0.2599	0.13	0.082405	0.10435	0.3393	0.41785	0.292	0.2003	0	0.154864811320755	8.36269981132076
ENSG00000234604	ENSG00000234604.2	RP1-206D15.5	0.51005	0.7735	0.3396	0.4608	0	0.4747	0.5508	0	0	0	0	0	0	0	0	0	0	0	0	0	0.8751	0	0.3636	0.53365	0	0.34	0.26635	0.50895	0	0.3288	1.006	0.5365	0.2848	0	0	0.6079	0.475	0.5813	0.6848	0.9361	0.30985	0.3944	0	0.5646	0.5466	0.3682	0	0.4668	0	0.57655	0.4321	0.4427	0	0.293209433962264	15.8333094339623
ENSG00000229604	ENSG00000229604.2	MTATP8P2	0.62945	0.6157	0.7984	0.2671	0.3607	0.3935	0	0.86935	0.7878	1.2365	0.53515	0.7045	0.9454	0.7425	0.9748	0.8823	1.036	1.0085	0.6798	0.8297	0.59065	0.27265	0.2215	0	0.3498	0.4922	0.61325	0.5136	0.2915	0.4858	0	1.078	1.606	0.965	0.7845	0.4897	0.3474	0.78795	0.3963	0.3237	0.24215	0.3779	0.5781	0.5187	0.4933	0.7325	0.37825	0.5842	0.5807	0.57815	0.3015	0.2688	0.1918	0.579862264150943	31.3125622641509
ENSG00000236878	ENSG00000236878.1	AC012363.7	0.1855	0.2399	0.10775	0.3028	0.3411	0.2822	0.2272	0.33205	0.2883	0.3566	2.2865	1.824	0.3532	0.4487	0.3574	0.4119	0.3771	0.2741	0.4511	0.2991	0.29185	0.2398	0.198	0.5519	0.8243	0.5138	0.28395	0.44395	0.2661	0.40495	0.1013	0.1464	0.1143	0.1495	0.08184	0.4074	0.3594	0.090135	0.4708	0.4354	0.11395	0.4847	0.683	0.2475	0.1915	0.3467	0.72145	0.1979	0.2252	0.6099	0.9105	0.6885	0.1378	0.409059905660377	22.0892349056604
ENSG00000227788	ENSG00000227788.1	AC012363.8	0.14205	0.1791	0.072605	0.2195	0.2325	0.2225	0.2906	0.15675	0.1243	0.187	1.379	1.156	0.1684	0.1903	0.1789	0.2032	0.2212	0.16565	0.2718	0.17355	0.22905	0.16885	0.1784	0.5561	0.6291	0.3727	0.21145	0.2938	0.1803	0.28195	0.7978	0.1179	0.06914	0.1019	0.04962	0.2939	0.2717	0.074405	0.34575	0.3247	0.09468	0.2784	0.4133	0.1863	0.1375	0.2828	0.44805	0.15745	0.1528	0.41415	0.6736	0.4595	0.08252	0.288008867924528	15.5524788679245
ENSG00000233286	ENSG00000233286.1	MTND3P10	0	0	0	0.1403	0.1082	0.08118	0.1438	0	0	0.09133	0.69725	0.6035	0.0797	0.08403	0.0868	0.09006	0.08174	0.07293	0.1293	0	0.1169	0.09973	0.1027	0.31295	0.5877	0.1754	0.097745	0.16015	0.09113	0.1423	0.3521	0.06124	0	0	0	0.1628	0.1233	0	0.1939	0.1393	0	0.1255	0.1958	0.08718	0	0.1757	0.1743	0	0	0.1831	0.4686	0.3	0	0.134332924528302	7.2539779245283
ENSG00000243104	ENSG00000243104.1	AC012363.10	0	0	0	0	0.1339	0	0.1749	0	0	0.076775	0.60385	0.4743	0	0	0	0	0	0	0.141	0	0.08915	0.073355	0	0.20835	0	0.1549	0.1007	0.1544	0	0.1429	0.3978	0	0	0	0	0.1316	0.1884	0	0.16205	0	0	0.1209	0.17625	0	0	0.1384	0.15025	0	0	0.17065	0.3011	0.2252	0	0.0885109433962264	4.77959094339623
ENSG00000234065	ENSG00000234065.2	MTND4P26	0.1208	0.1195	0.051035	0.1762	0.1952	0.1691	0.2558	0.09284	0.08692	0.12665	0.7051	0.6419	0.10245	0.09895	0.09558	0.1046	0.1167	0.07629	0.1707	0.098255	0.15265	0.14605	0.1281	0.33885	0.2664	0.2423	0.134	0.2262	0.1255	0.1977	0.3397	0.09394	0.06283	0.05172	0	0.2104	0.2124	0.052535	0.2827	0.2395	0.069265	0.1855	0.2609	0.1372	0.1138	0.1734	0.21445	0.1023	0.08171	0.2676	0.5525	0.3358	0	0.181178679245283	9.78364867924528
ENSG00000223549	ENSG00000223549.1	MTND5P28	0.10395	0.1027	0.04337	0.1412	0.1463	0.1504	0.2181	0.06995	0.07359	0.10215	0.5301	0.5029	0.08782	0.09469	0.07257	0.09588	0.09825	0.05951	0.1351	0.06491	0.1395	0.14075	0.1099	0.3585	0.3828	0.2147	0.1255	0.2044	0.1131	0.18845	0.1942	0.08568	0.04689	0.04701	0.01789	0.1732	0.1995	0.049455	0.2433	0.193	0.06582	0.1503	0.18285	0.1202	0.1066	0.1642	0.12455	0.08678	0.09599	0.21425	0.4666	0.2829	0.04146	0.155163490566038	8.37882849056604
ENSG00000234480	ENSG00000234480.1	AC073869.8	0	0	0	0	0	0	0	0	0	0	0	0	0	0	0	0	0	0	0	0	0	0	0	0	0	0	0	0	0	0	0	0	0	0	0	0	0	0	0	0	0	0	0	0	0	0	0	0	0.736	0	0	0	0	0.0138867924528302	0.74988679245283
ENSG00000234842	ENSG00000234842.1	AC007163.8	0.100315	0	0.13035	0.1808	0.1837	0	0	0.1088	0.08294	0.08753	0.07108	0	0.07149	0.08174	0.1122	0.1301	0.1076	0.08819	0.7768	0.1706	0.0914	0	0.1759	0.0718	0	0	0	0	0	0	0	0.09663	0.02691	0	0	0.1303	0	0	0.066175	0.2435	0	0.3163	0	0	0	0	0	0	0.385	0	0.06868	0	0	0.0784307547169811	4.23526075471698
ENSG00000269028	ENSG00000269028.2	MTRNR2L12	2.5055	2.567	5.601	1.532	2.094	2.44	1.648	16.195	13.94	13.895	7.256	7.113	11.61	11.96	14.61	12.5	14.69	15.035	10.33	16.205	2.2235	2.5695	1.849	0.8561	1.182	3.39	3.4325	3.4045	2.045	3.213	1.234	5.967	8.184	5.979	3.394	2.539	1.657	4.179	2.153	1.418	1.0625	2.416	2.89	2.52	2.521	2.674	1.897	3.436	3.869	2.3975	1.493	1.613	1.439	5.18535094339623	280.008950943396
ENSG00000249780	ENSG00000249780.1	RP11-352E6.2	0.4576	0.3884	0.5796	0.1971	0.2079	0.3766	0	0.7771	0.6526	0.67815	0.5033	0.4005	0.57945	0.644	0.6618	0.6358	0.5645	0.6252	0.5174	0.5864	0.42595	0.21795	0.1727	0.08355	0.4682	0.3668	0.44745	0.38705	0.2439	0.38155	0.1961	0.6844	0.9559	0.7293	0.4512	0.2992	0.3393	0.5514	0.3522	0.1917	0.12155	0.3051	0.38955	0.4476	0.4641	0.3441	0.2054	0.40525	0.3794	0.49805	0.1897	0.2091	0.1447	0.416656603773585	22.4994566037736
ENSG00000250050	ENSG00000250050.1	MTND4P9	0	0.03317	0	0	0	0	0	0.040005	0.06802	0.04876	2.7825	2.895	0.070725	0.06767	0.02691	0.03873	0.02931	0.016905	0.02297	0.020865	0	0.3614	0	0.036115	0	0	0.079875	0	0	0	0	0	0	0.03071	0	0.1689	0.1907	0	0.1811	0	0.077415	0	0	0	0	0.1498	0.22785	0.072505	0	0.045665	0	0	0	0.146859905660377	7.93043490566038
ENSG00000248133	ENSG00000248133.1	RP11-302F12.7	0	0	0	0	0	0	0	0	0	0	0.43985	0.5663	0	0	0	0	0	0	0	0	0	0	0	0	0.1815	0	0	0	0	0	0	0	0	0	0	0	0	0	0	0	0	0	0	0	0	0	0	0	0	0	0	0	0	0.0224084905660377	1.21005849056604
ENSG00000251353	ENSG00000251353.1	MTND3P5	0	0	0	0	0	0	0	0	0	0	0.80365	0.9841	0	0	0	0	0	0	0	0	0	0	0	0	0	0	0	0	0	0	0	0	0	0	0	0	0	0	0	0	0	0	0	0	0	0	0	0	0	0	0	0	0	0.0337311320754717	1.82148113207547
ENSG00000248654	ENSG00000248654.1	RP11-302F12.5	0	0	0	0	0	0	0	0	0	0	0.70225	0.8465	0	0	0	0	0	0	0	0	0	0.07981	0	0	0	0	0	0	0	0	0	0	0	0	0	0	0.05643	0	0	0	0	0	0	0	0	0	0	0	0	0	0	0	0	0.0317922641509434	1.71678226415094
ENSG00000249072	ENSG00000249072.1	RP11-777B9.5	0	0	0.2352	0	0	0	0	0.9125	0.6537	0.61295	0.38115	0.3578	0.4451	0.5649	0.6724	0.6892	0.6724	0.62775	0.5402	0.6868	0	0.1732	0	0	0.3369	0.2002	0.19255	0.20055	0	0.115975	0	0.2599	0.3598	0.3671	0.1641	0	0	0.1887	0	0	0	0	0.23475	0.1228	0.1613	0.132	0	0.17285	0.2406	0.459	0	0	0	0.228949528301887	12.3632745283019
ENSG00000271043	ENSG00000271043.1	MTRNR2L2	1.551	1.578	3.009	1.051	1.368	1.531	1.21	9.009	7.4	7.746	4.2775	4.208	5.6705	6.495	8.363	6.829	8.35	8.2795	6.036	8.5145	1.441	1.505	1.119	0.83645	0.7496	1.916	1.909	1.91	1.249	1.7655	0.9106	3.311	4.453	4.235	1.888	1.572	1.147	2.3245	1.6475	1.246	0.62195	1.667	1.876	1.51	1.552	1.59	1.2185	1.918	2.372	1.627	1.301	1.369	0.9147	3.00279811320755	162.151098113208
ENSG00000270906	ENSG00000270906.1	RP11-475J5.6	0.55035	0.4375	0.7573	0.2374	0.2841	0.334	0.2197	0.81095	0.7085	0.9323	0.59655	0.6786	0.87085	0.7498	0.8213	0.9148	0.8858	1.1945	0.7882	0.9427	0.44365	0.3075	0.3007	0.11863	0.2577	0.5246	0.58825	0.5896	0.2914	0.5396	0.1752	0.9487	1.375	0.6759	0.7689	0.393	0.5318	0.86225	0.43715	0.2645	0.22375	0.3391	0.5205	0.4711	0.4272	0.6357	0.3697	0.6361	0.5416	0.5121	0.3047	0.2614	0.1382	0.556422264150943	30.0468022641509
ENSG00000270307	ENSG00000270307.1	MTATP6P2	0.46995	0.4609	0.69245	0.2178	0.2685	0.3146	0.2938	0.87285	0.8327	0.79495	0.53605	0.6538	0.7719	0.7321	0.7895	0.7853	0.7678	0.7869	0.6398	0.70515	0.43725	0.21145	0.2314	0.24885	0.1779	0.4516	0.487	0.4461	0.2566	0.4056	0.1979	0.795	0.9297	0.6354	0.5638	0.3374	0.4073	0.6906	0.3334	0.2647	0.1724	0.3658	0.4305	0.3705	0.3813	0.5169	0.269	0.494	0.4006	0.42215	0.2808	0.2507	0.115	0.478592452830189	25.8439924528302
ENSG00000270225	ENSG00000270225.1	RP11-475J5.4	0.28595	0.2736	0.40655	0.1444	0.1988	0.2139	0.2427	0.61295	0.6119	0.69815	0.44205	0.4437	0.50875	0.5416	0.5848	0.5588	0.5687	0.73975	0.5715	0.7078	0.31655	0.22205	0.2058	0.06955	0.1471	0.3239	0.44825	0.31805	0.2118	0.3319	0.2339	0.3634	0.6634	0.5374	0.3829	0.263	0.2211	0.3738	0.2299	0.142	0.1238	0.2472	0.3143	0.2488	0.2821	0.356	0.2334	0.33485	0.238	0.2692	0.1718	0.1694	0.1032	0.348191509433962	18.802341509434
ENSG00000244921	ENSG00000244921.2	CTB-36O1.7	1.1775	0.9855	1.2345	0.6269	0.7567	0.8147	0.6975	1.359	1.162	1.66	0.99415	1.381	1.2755	1.052	1.248	1.25	1.508	1.606	1.143	1.245	1.0995	0.56845	0.6198	0.5456	0.7305	1.057	1.1965	1.132	0.7725	1.0695	0.7234	1.535	2.058	1.561	1.315	0.8302	1.131	1.398	0.95765	0.7062	0.59725	0.9373	1.0305	0.9813	0.9988	1.339	0.6579	1.215	0.9657	1.139	0.6884	0.7502	0.313	1.05277547169811	56.8498754716981
ENSG00000249119	ENSG00000249119.1	MTND6P4	1.5485	2.009	2.239	2.081	2.068	1.854	3.282	2.889	2.13	3.36	1.862	2.103	2.452	2.214	2.578	2.83	2.942	3.5545	2.34	2.533	1.5415	1.959	1.557	1.0089	0.8638	1.61	2.2145	2.649	1.39	2.4825	2.412	3.144	3.415	1.801	1.779	2.335	1.356	3.457	1.802	1.188	0.81245	0.9877	1.5475	2.827	2.894	3.301	1.965	3.0255	1.037	1.541	1.36	1.088	0.7016	2.11173490566038	114.03368490566
ENSG00000248923	ENSG00000248923.1	MTND5P11	0.8085	0.912	1.0625	0.7742	0.8474	0.7503	0.9673	1.3025	1.132	1.6545	0.9334	1.218	1.325	1.147	1.428	1.279	1.475	1.5905	1.134	1.2095	0.72975	0.90585	0.7239	0.5581	0.8653	0.8359	1.0795	1.204	0.7285	1.0385	0.9033	1.659	1.803	0.956	0.9907	1.051	0.8628	1.3885	0.88995	0.6953	0.4589	0.5993	0.78535	1.185	1.147	1.367	0.72645	1.299	0.6856	0.86695	0.6593	0.5976	0.3084	1.00953396226415	54.5148339622641
ENSG00000247627	ENSG00000247627.2	MTND4P12	10.75	9.609	15.505	5.445	6.682	6.635	5.936	16.405	14.04	16.56	10.78	13.13	15.85	14.39	18.14	17.18	17.07	17.8	15.13	16.985	9.8485	5.961	5.377	4.653	5.416	10.53	12	11.62	6.167	11.325	5.147	16.59	22.74	17.53	17.02	8.47	8.878	13.84	9.0825	6.806	4.458	7.174	12.055	9.016	8.626	12.11	6.955	13.27	9.33	10.965	6.749	6.163	3.059	10.9991132075472	593.952113207547
ENSG00000198868	ENSG00000198868.3	MIR4461	2.0375	2.174	3.2245	0.9628	1.329	1.288	1.627	2.9645	2.746	3.594	2.0365	2.907	3.579	2.556	3.122	3.077	2.956	3.368	2.565	2.98	1.967	1.3535	1.253	0.4443	1.309	2.043	2.431	2.384	1.362	2.4905	0.9493	3.388	5.18	2.912	3.195	1.751	1.901	2.895	1.8345	1.247	1.0215	1.71	2.5225	1.749	1.769	2.25	1.1935	2.645	2.09	2.2575	1.438	1.323	0.4782	2.18549245283019	118.01659245283
ENSG00000255633	ENSG00000255633.3	MTRNR2L9	0.23325	0.2285	0.4685	0.176	0.2215	0.2615	0.2679	1.494	1.229	1.207	0.67795	0.5817	0.9355	0.9745	1.373	1.18	1.298	1.158	0.8512	1.26	0.2253	0.23035	0.1604	0.044935	0.1132	0.3215	0.2926	0.331	0.1803	0.285	0.1139	0.4962	0.6997	0.6181	0.2749	0.2491	0.1036	0.3537	0.2465	0.1173	0.09184	0.213	0.2835	0.2244	0.2446	0.188	0.19675	0.27035	0.3228	0.23715	0.1321	0.1379	0.2005	0.458065566037736	24.7355405660377
ENSG00000270672	ENSG00000270672.1	MTRNR2L6	0.089005	0.08654	0.15175	0.06739	0.0822	0.0986	0.06776	0.54055	0.3939	0.4036	0.22345	0.2161	0.3063	0.3431	0.4593	0.4097	0.4125	0.43955	0.3864	0.4469	0.091455	0.085705	0.06606	0.054445	0.1236	0.1118	0.10805	0.10495	0.07117	0.1049	0.1101	0.1688	0.2113	0.1928	0.1099	0.0974	0.05438	0.1105	0.10875	0.04542	0.15425	0.08922	0.1293	0.094	0.1025	0.09188	0.07629	0.12025	0.142	0.090695	0.0551	0.06511	0.07513	0.170600094339623	9.21240509433962
ENSG00000253290	ENSG00000253290.1	RP11-597M17.3	0.5256	0	0	0	0.1058	0.2295	0.6189	0	0	0	0	0	0	0	0	0	0	0	0	0	0.12905	0	0	0	0	0	0	0.15315	0	0	0	0.2396	0	0	0	0	0.1721	0	2.7605	0.1317	0	0	0	0.189	0.4886	0	0	0	0.3677	0.0591	0	0.4009	0	0.123984905660377	6.69518490566038
ENSG00000253615	ENSG00000253615.1	RP11-597M17.2	0.32345	0	0	0	0	0	0.2656	0	0	0	0	0	0	0	0	0	0	0	0	0	0	0	0	0.15785	0.334	0	0	0	0	0	0	0.1553	0	0	0	0	0	0	1.716	0	0	0	0	0	0.2735	0	0	0	0.2619	0	0	0.2641	0	0.0707867924528302	3.82248679245283
ENSG00000227730	ENSG00000227730.2	MTND6P5	0	0	0	0.09048	0	0	0	0	0	0	0	0.08574	0	0	0	0	0	0	0	0	0	0	0	0.09372	0.09785	0	0	0	0	0	0	0	0	0	0	0.07296	0	0	0	0	0	0	0	0.1168	0.1068	0.04564	0.073745	0	4.393	0	0	0.1054	0.09656	0.101484811320755	5.48017981132075
ENSG00000228166	ENSG00000228166.1	MTND1P11	0.076505	0	0	0.1196	0.04503	0.09524	0	0	0	0	0	0.06662	0	0	0	0	0	0	0	0	0.044875	0.087525	0	0.1209	0	0	0	0	0	0	0	0	0	0	0	0.08135	0	0	0.07326	0.1143	0	0	0	0.1515	0.1185	0.04879	0.046215	0	0.8721	0	0.04474	0.1126	0.08273	0.0453279245283019	2.4477079245283
ENSG00000224083	ENSG00000224083.1	RP11-39K24.4	0.093715	0.06792	0.03597	0.1694	0.06832	0.1309	0.0721	0.00892	0	0	0.0402	0.08238	0.019265	0	0	0	0	0.02168	0	0	0.06601	0.081235	0	0.106405	0.06557	0.0541	0.045375	0.055275	0.05911	0.05072	0.1342	0.04088	0.03181	0.04251	0	0.11	0.04329	0.028055	0.1074	0.1111	0	0.0297	0.04753	0.166	0.1608	0.06727	0.09049	0.0463	0.8569	0.056935	0.08517	0.1026	0.0786	0.0723039622641509	3.90441396226415
ENSG00000235917	ENSG00000235917.1	RP11-39K24.14	0.07934	0.05805	0	0.1487	0.0803	0.1128	0	0	0	0	0	0.06224	0	0	0	0	0	0	0	0	0.05622	0.055545	0	0.08271	0.08868	0.0375	0	0	0.04565	0	0	0	0	0	0	0.09937	0	0	0.083845	0.1187	0	0	0	0.1594	0.1439	0.05111	0.074535	0	0.6858	0	0.07159	0.1467	0.1006	0.0498733018867925	2.69315830188679
ENSG00000228097	ENSG00000228097.1	RP11-39K24.12	0.10205	0.06988	0	0.1929	0.1224	0.128	0.07483	0	0	0	0	0.07361	0	0	0	0	0	0	0	0	0.053415	0.10555	0	0.07255	0	0	0	0	0	0	0.09396	0	0	0	0	0.1442	0	0	0.1253	0.08781	0	0	0	0.1784	0.1655	0.06037	0.1089	0	0.6052	0	0.1225	0.1135	0.07109	0.0541870754716981	2.9261020754717
ENSG00000237711	ENSG00000237711.1	RP11-39K24.13	0.1271	0.1006	0	0.2454	0.1205	0.1684	0.1029	0	0	0	0.052375	0.1084	0	0	0	0	0	0	0	0	0.09018	0.1129	0	0.077265	0.1541	0.06526	0.046435	0.046435	0.07568	0	0.1653	0.0387	0	0	0	0.1717	0	0	0.13615	0.1316	0	0	0	0.2418	0.2075	0.08412	0.16215	0	0.8865	0.071645	0.1147	0.149	0.06095	0.0814291509433962	4.3971741509434
ENSG00000230225	ENSG00000230225.1	MTND5P14	0.1115	0.08893	0.03722	0.2061	0.08911	0.1494	0	0	0	0	0	0.06265	0	0	0	0	0	0	0	0	0.07807	0.1178	0	0.08038	0.04785	0.04084	0.03549	0	0.07432	0.028325	0	0.03453	0.02251	0	0	0.1282	0.03907	0	0.11795	0.1145	0	0	0.035175	0.1794	0.1552	0.06373	0.1832	0.03365	0.7143	0.06552	0.08373	0.1302	0.06582	0.0644277358490566	3.47909773584906
ENSG00000228069	ENSG00000228069.1	RP11-100G15.3	0.15775	0.1932	0.1078	0.1893	0.1343	0.06336	0.3625	0	0	0	0.081005	0.1077	0	0	0	0.03744	0	0	0.06741	0	0.22965	0.22695	0.2314	0.5951	0.3871	0.1127	0.16785	0.14005	0.2158	0.1175	0.5395	0.07363	0.03086	0.1318	0.09292	0.3836	0.2804	0	0.2046	0.75	0.1735	0.1863	0.19345	0.4738	0.2822	0.2519	0.23865	0.1676	0.2394	0.2666	0.3303	0.3626	0.08355	0.182321226415094	9.84534622641509
ENSG00000238288	ENSG00000238288.1	RP11-100G15.4	0.090385	0.1128	0	0.1286	0	0	0.2035	0	0	0	0	0	0	0	0	0	0	0	0	0	0.11855	0.16565	0.1134	0.35545	0.5242	0	0	0	0.1176	0	0.1933	0	0	0.05661	0	0.2044	0.1721	0	0	0.539	0.1061	0	0	0.2993	0.1707	0.1355	0.1245	0	0.1236	0.1509	0.1512	0.1975	0	0.0859404716981132	4.64078547169811
ENSG00000227321	ENSG00000227321.2	MTND4P15	0.12205	0.1481	0.07609	0.1273	0.08714	0	0.1343	0	0	0	0.03158	0.0865	0	0	0	0	0	0	0	0	0.1469	0.19325	0.1952	0.6242	0.206	0.09064	0.11105	0.090095	0.1567	0.08053	0.2917	0.04808	0	0.06822	0.02519	0.2528	0.2447	0	0.12255	0.538	0.136	0.08928	0.08713	0.3532	0.2279	0.1564	0.09224	0.134	0.1657	0.16865	0.2132	0.2908	0	0.121006886792453	6.53437188679245
ENSG00000230338	ENSG00000230338.1	MTND4P19	0	0	0	0	0	0	0	0	0	0	0	0	0	0	0	0	0	0	0	0	0	0	0	0	0	0	0	0	1.193	0	0	0	0	0	2.208	0	0	0	0	0	0	0	0	0.1666	0.1391	1.399	0	0.5256	0	0	0	0.26	0	0.111156603773585	6.00245660377359
ENSG00000233377	ENSG00000233377.1	MTND4P20	0	0	0	0	0	0	0	0	0	0	0	0	0	0	0	0	0	0	0	0	0	0	0	0.15265	0	0	0.90515	0	4.664	0	0	0	0	0.5486	114.2	0.1237	0.1021	0	0	0	0.04836	0	0	1.07	0.741	17.91	0	9.272	0	0	0	1.184	0	2.84757660377359	153.769136603774
ENSG00000255823	ENSG00000255823.1	MTRNR2L8	2.033	1.634	4.479	1.307	1.627	1.556	2.357	9.063	6.533	7.021	3.8535	3.716	5.4185	6.268	8.192	6.665	7.317	7.479	7.039	8.5775	1.5285	3.225	1.71	1.565	1.88	1.97	2.092	2.12	1.67	2.0005	1.351	3.041	3.781	3.761	1.49	2.591	1.808	6.582	1.6195	1.403	0.71025	3.028	2.2685	2.86	3.113	2.508	2.1415	2.0975	2.121	1.7985	1.36	1.802	1.543	3.33349528301887	180.008745283019
ENSG00000256148	ENSG00000256148.1	RP11-809N8.5	2.3285	1.985	3.4425	1.593	1.892	2.512	1.272	5.3665	4.656	4.3615	2.6385	2.465	5.238	4.512	5.639	4.618	3.895	4.23	3.674	4.7135	2.261	1.6625	1.671	1.1425	1.844	2.242	3.0355	2.6375	1.825	2.486	2.355	4.633	6.237	3.551	3.115	2.471	2.079	4.143	2.189	1.492	1.132	1.224	2.23	3.128	3.068	3.192	2.0095	3.2165	1.771	2.3835	1.794	1.624	1.071	2.86693396226415	154.814433962264
ENSG00000256984	ENSG00000256984.1	RP11-551L14.6	0.21515	0.08607	0	0	0	0.127	0.3327	0	0	0	0.11415	0.1677	0	0	0	0	0	0	0	0	0.1717	0	0	0.32325	0.2031	0.1416	0.2068	0.1343	0	0.118	0	0	0	0	0	0.3333	0.1074	0	1.069	0	0	0.08186	0.23865	0.1739	0.2524	0.443	0.2189	0	0.1115	0.33775	0	0.2786	0	0.112976981132075	6.10075698113208
ENSG00000230009	ENSG00000230009.1	MTCO2P3	0	0	0	0	0	0	0	0	0	0	0	0	0	0	0	0	0	0	0	0	0	0	0	0	0	0	0	0	0	0	0	0	0	0	0	0	0	0	0	0	0	0	0	0	0	0	0	0	0.9219	0	0	0	0	0.0173943396226415	0.939294339622642
ENSG00000259045	ENSG00000259045.1	RP11-320M16.1	0.48435	0.3878	0.89915	0.3157	0.3422	0.5011	0.357	1.115	0.9947	0.8832	0.5295	0.6347	1.098	0.9577	1.1	0.917	0.7773	0.8702	0.6468	0.8705	0.4928	0.407	0.3697	0.1836	0.4021	0.4336	0.70395	0.5584	0.4196	0.50325	0.182	1.024	1.442	0.5546	0.6307	0.5242	0.4991	1.0255	0.4513	0.2501	0.221	0.217	0.3661	0.6726	0.6556	0.7388	0.3834	0.66105	0.3951	0.5148	0.3644	0.2817	0.1724	0.592138679245283	31.9754886792453
ENSG00000262118	ENSG00000262118.1	RP11-433P17.3	0.07712	0.08722	0.1507	0.1422	0.1716	0.1519	0.1848	0.083625	0.0921	0.1488	0.5218	0.594	0.1073	0.08124	0.07675	0.1232	0.1801	0.08451	0.1646	0.07405	0.12595	0.088155	0.1306	0.1415	0.3903	0.2394	0.09335	0.2081	0.05262	0.16695	0.4026	0.1508	0.104	0.06853	0.02924	0.1065	0.1549	0.063435	0.46245	1.737	0.1071	0.8353	0.29075	0.06096	0.07604	0.1021	0.10795	0.088695	0.6542	0.7027	0.4141	0.1983	0	0.223626226415094	12.0758162264151
ENSG00000263177	ENSG00000263177.1	RP11-433P17.2	0.073765	0.08424	0.18015	0.1762	0.1894	0.144	0.2957	0.072105	0.07355	0.1405	0.58105	0.6616	0.1046	0.09392	0.08794	0.1159	0.1645	0.075685	0.1499	0.050735	0.13505	0.09053	0.1333	0.34145	0.3809	0.2564	0.084045	0.21675	0.05033	0.1823	0.5388	0.1654	0.1219	0.08774	0	0.1206	0.1658	0.068355	0.53255	2.061	0.08876	0.922	0.3411	0.07436	0.08211	0.1245	0.11445	0.09433	0.6816	0.76495	0.535	0.2399	0	0.251164150943396	13.5628641509434
ENSG00000232196	ENSG00000232196.2	MTRNR2L4	0.10875	0.08334	0.1149	0.1592	0.157	0.1869	0.3441	0.09978	0.09278	0.1293	0.46745	0.6427	0.10915	0.1106	0.1086	0.1183	0.148	0.09522	0.1747	0.08051	0.14865	0.090905	0.1032	0.3978	0.4409	0.2316	0.10123	0.18395	0.05364	0.17075	0.08625	0.1464	0.1078	0.06215	0.0281	0.1254	0.1579	0.06927	0.49315	1.696	0.082245	0.7705	0.3345	0.1041	0.111	0.1047	0.12905	0.08609	0.6963	0.653	0.4452	0.2378	0	0.229826603773585	12.4106366037736
ENSG00000262158	ENSG00000262158.1	CTD-2318B16.2	0	0	0	0	0	0	0	0	0	0	0	0	0	0	0	0	0	0	0	0	0	0	0	0	0	0	0	0	0	0	0	0	0	0	0	0	0	0	0	0	0	0	0	0	0	0	0	0	0.6356	0	0	0	0	0.0119924528301887	0.647592452830189
ENSG00000262381	ENSG00000262381.1	CTD-2318B16.1	0	0	0	0	0	0	0	0	0	0	0	0	0	0	0	0	0	0	0	0	0	0	0	0	0	0	0	0	0	0	0	0	0	0	0	0	0	0	0	0	0	0	0	0	0	0	0	0	0.8235	0	0	0	0	0.0155377358490566	0.839037735849057
ENSG00000263045	ENSG00000263045.1	RP11-28B23.1	0	0	0	0	0	0	0	0	0	0	0	0	0	0	0	0	0	0	0	0	0	0	0	0	0	0	0	0	0.2137	0	0	0.1624	0	0.7002	0	0	0	0	0	0	0	0	0	0.438	0.3948	0	0	0	0.1521	0	0	0	0	0.0388905660377359	2.10009056603774
ENSG00000256618	ENSG00000256618.1	MTRNR2L1	0.1572	0.1481	0.2546	0.09224	0.1196	0.1436	0.08665	0.794	0.6303	0.7826	0.41315	0.3827	0.5198	0.5557	0.77	0.6779	0.8299	0.7046	0.4857	0.7283	0.1346	0.1403	0.0853	0.04979	0	0.1838	0.1708	0.1835	0.1143	0.16525	0.07061	0.3029	0.4429	0.4103	0.1525	0.1557	0.07713	0.2184	0.1224	0.08462	0.0592	0.1337	0.15755	0.1446	0.1433	0.1312	0.1074	0.17475	0.199	0.1372	0.1007	0.08869	0.1059	0.268394905660377	14.4933249056604
ENSG00000262902	ENSG00000262902.1	RP11-750B16.1	2.971	2.409	4.937	1.855	2.174	3.213	2.764	7.192	6.274	5.9115	3.372	3.776	6.5655	6.178	6.914	5.617	4.975	5.933	4.102	5.826	2.725	2.184	2.122	1.718	2.194	2.747	4.497	3.2985	2.395	3.165	2.46	6.129	8.883	4.454	4.304	2.999	2.771	5.7325	2.765	1.85	1.401	1.491	2.3305	3.619	3.826	4.598	2.8175	4.4205	2.432	2.9385	1.922	2.117	1.354	3.72866037735849	201.347660377358
ENSG00000271749	ENSG00000271749.1	RP11-269G24.7	0	0.1673	0	0	0	0	0.2113	0	0	0	0	0	0	0	0	0	0	0	0	0	0.1409	0	0.543	0	0.2599	0	0	0	0	0	0	0	0	0	0	0.3471	0.2201	0	0.3359	0	0	0.2122	0.20145	0.2181	0.1603	0	0	0	0.5264	0	0.1705	0.2254	0	0.0743367924528302	4.01418679245283
ENSG00000267541	ENSG00000267541.1	RP11-380M21.2	5.8015	5.289	7.526	3.267	4.394	4.32	4.393	11.295	10.66	12.525	7.417	7.866	9.3965	10.24	11.54	10.9	11.42	13.41	10.62	13.32	5.4795	4.068	4.086	3.2975	4.397	6.921	8.112	6.2525	4.332	6.526	4.101	7.164	11.44	10.62	6.738	4.818	4.754	6.9655	4.8715	3.455	2.7565	4.299	6.2715	5.47	5.791	7.148	4.5875	6.7755	4.726	5.769	3.576	4.052	2.463	6.74874528301887	364.432245283019
ENSG00000224747	ENSG00000224747.1	AP001065.7	0.3255	0.23	0.076975	0.4611	0.2794	0.2084	1.456	0.05268	0.0456	0.039275	0	0	0.039995	0.04276	0.02173	0.1515	0.06338	0.03049	0.1859	0.0361	0.39225	0.14735	0.0995	0.38055	0.4951	1.781	0.63195	0.6828	0.1929	0.5131	0.4599	0.1402	0.06109	0.02455	0.6602	0.4303	0.317	0	1.446	1.152	0.08151	0.1337	0.2284	0.4846	0.5133	0.2428	0.09962	0.4139	0.9436	0.1462	0.5813	0.5584	0	0.343053867924528	18.5249088679245
ENSG00000223431	ENSG00000223431.1	MTND6P21	0.2324	0.1547	0	0.27	0.201	0.09217	0.7229	0	0	0	0	0	0	0	0	0.08883	0.0296	0	0.09204	0	0.2599	0	0	0.2172	0.5187	1.544	0.48575	0.44545	0.1087	0.34095	0.4128	0.09705	0.03594	0	0.5221	0.3122	0.2036	0	0.92075	0.9233	0.063365	0.08842	0.14395	0.3401	0.2756	0.1724	0.0844	0.31785	0.5012	0.0856	0.4107	0.3826	0	0.22826820754717	12.3264832075472
ENSG00000227999	ENSG00000227999.1	MTND5P1	0.7746	0.5107	0.19195	1.05	0.7059	0.4496	2.07	0.1806	0.1694	0.12095	0.07891	0.08794	0.14915	0.1171	0.09375	0.3722	0.196	0.080615	0.4275	0.084115	0.78785	0.2746	0.16	0.86655	1.145	5.235	1.517	1.63	0.4277	1.1585	1.013	0.2921	0.155	0.1196	2.22	1.042	0.6854	0.04873	3.0605	2.678	0.2055	0.4021	0.71065	1.083	1.048	0.5151	0.3659	0.95335	1.115	0.3857	1.4	1.271	0.02446	0.79070320754717	42.6979732075472
ENSG00000256045	ENSG00000256045.1	MTRNR2L10	0.14125	0.1504	0.31035	0.09364	0.1346	0.1534	0.08746	1.1125	0.8625	0.89135	0.4876	0.4766	0.66435	0.7173	0.9133	0.7939	0.9947	0.9805	0.5743	1.0295	0.13395	0.1364	0.1072	0.07241	0.05409	0.1851	0.20265	0.22975	0.1142	0.1959	0.05616	0.3546	0.4749	0.4057	0.1681	0.1438	0.1007	0.21685	0.1363	0.09485	0.05172	0.1582	0.1575	0.1299	0.1532	0.1555	0.12305	0.2025	0.2377	0.1278	0.09067	0.07582	0.1077	0.319327735849057	17.2436977358491
ENSG00000230916	ENSG00000230916.2	RP11-10B2.1	0.4037	0.3791	0.79625	0.2651	0.3249	0.471	0.4019	1.082	1.014	1.0195	0.536	0.5826	1.17	1.041	1.085	0.9808	0.9042	0.97975	0.7631	0.85875	0.4008	0.3594	0.3196	0.1425	0.4337	0.3702	0.6842	0.51505	0.3758	0.4801	0.49	0.9912	1.514	0.6225	0.6244	0.4556	0.4477	0.9108	0.3928	0.2246	0.2234	0.1871	0.35965	0.5725	0.5803	0.7688	0.4218	0.6413	0.3482	0.44385	0.2749	0.241	0.1696	0.58577358490566	31.6317735849057
ENSG00000232177	ENSG00000232177.1	MTND4P24	1.23	1.165	1.722	0.6139	0.711	0.8245	0.8892	2.056	1.607	1.9145	1.21	1.591	1.7885	1.478	1.893	1.773	1.621	1.808	1.573	1.73	1.19	0.84455	0.6982	0.46905	1.202	1.166	1.2985	1.2955	0.7248	1.252	1.289	1.677	2.406	1.5	1.529	1.038	1.111	1.523	1.073	0.7165	0.53555	0.8377	1.3605	1.085	1.021	1.3	0.7651	1.4745	1.096	1.2575	0.8141	0.7355	0.3702	1.24253490566038	67.0968849056604
