n_hgnc_symbol	mt_hgnc_symbol	n_start_numt	n_end_numt	mt_start_numt	mt_end_numt	n_leng	mt_leng	ov	percent_n	percent_mt
MTND1P23	MT-ND1	100100000	100100352	100100000	100100351	352	351	351	0.997159090909091	1
MTND1P23	MT-TI	100100000	100100352	100100352	100100420	352	68	0	0	0
MTND2P28	MT-ND2	100100559	100101602	100100559	100101600	1043	1041	1041	0.998082454458293	1
MTND2P28	MT-TW	100100559	100101602	100101601	100101668	1043	67	1	0.000958772770853308	0.0149253731343284
NA	MT-CO1	100101993	100103535	100101993	100103534	1542	1541	1541	0.99935149156939	1
NA	MT-TS1	100101993	100103535	100103535	100103603	1542	68	0	0	0
NA	MT-CO2	100103676	100104357	100103675	100104358	681	683	681	1	0.997071742313324
MTATP8P1	MT-ATP8	100104454	100104660	100104455	100104661	206	206	205	0.995145631067961	0.995145631067961
MTATP8P1	MT-ATP6	100104454	100104660	100104616	100105296	206	680	44	0.213592233009709	0.0647058823529412
MTATP6P1	MT-ATP8	100104615	100105295	100104455	100104661	680	206	46	0.0676470588235294	0.223300970873786
MTATP6P1	MT-ATP6	100104615	100105295	100104616	100105296	680	680	679	0.998529411764706	0.998529411764706
NA	MT-ATP6	100105295	100105841	100104616	100105296	546	680	1	0.00183150183150183	0.00147058823529412
NA	MT-CO3	100105295	100105841	100105296	100106079	546	783	545	0.998168498168498	0.696040868454662
NA	MT-CO2	100400000	100400161	100400000	100400229	161	229	161	1	0.703056768558952
NA	MT-CYB	100700000	100700559	100700000	100700808	559	808	559	1	0.691831683168317
NA	MT-ND1	100800002	100800224	100800000	100800361	222	361	222	1	0.614958448753463
MTND2P29	MT-ND2	1.01e+08	101000407	1.01e+08	101000899	407	899	407	1	0.452725250278087
NA	MT-TS1	101100160	101100766	101100144	101100212	606	68	52	0.0858085808580858	0.764705882352941
NA	MT-TD	101100160	101100766	101100216	101100283	606	67	67	0.110561056105611	1
NA	MT-CO2	101100160	101100766	101100284	101100967	606	683	482	0.795379537953795	0.705710102489019
MTND2P30	MT-ND2	101300000	101300370	101300000	101300541	370	541	370	1	0.683918669131238
NA	MT-ND3	101600110	101600440	101600144	101600489	330	345	296	0.896969696969697	0.857971014492754
NA	MT-TG	101600110	101600440	101600076	101600143	330	67	33	0.1	0.492537313432836
NA	MT-ND3	101600467	101601109	101600144	101600489	642	345	22	0.0342679127725857	0.063768115942029
NA	MT-TR	101600467	101601109	101600490	101600554	642	64	64	0.0996884735202492	1
NA	MT-ND4L	101600467	101601109	101600555	101600851	642	296	296	0.461059190031153	1
NA	MT-ATP8	101700016	101700682	101700000	101700048	666	48	32	0.048048048048048	0.666666666666667
NA	MT-ATP6	101700016	101700682	101700003	101700683	666	680	666	1	0.979411764705882
NA	MT-ATP6	101700642	101700798	101700003	101700683	156	680	41	0.262820512820513	0.0602941176470588
NA	MT-CO3	101700642	101700798	101700683	101701466	156	783	115	0.737179487179487	0.146871008939974
NA	MT-CO2	101800000	101800934	101800000	101800406	934	406	406	0.434689507494647	1
NA	MT-CO1	101900000	101900093	101900000	101900607	93	607	93	1	0.153212520593081
NA	MT-CO1	101900238	101900826	101900000	101900607	588	607	369	0.627551020408163	0.607907742998353
NA	MT-TS1	101900238	101900826	101900608	101900676	588	68	68	0.115646258503401	1
NA	MT-TD	101900238	101900826	101900680	101900747	588	67	67	0.113945578231293	1
NA	MT-CO2	101900238	101900826	101900748	101901431	588	683	78	0.13265306122449	0.114202049780381
NA	MT-CO1	102300126	102300798	102300049	102301590	672	1541	672	1	0.436080467229072
NA	MT-CO2	102301845	102303403	102301731	102302414	1558	683	569	0.365211810012837	0.833089311859444
NA	MT-TK	102301845	102303403	102302440	102302509	1558	69	69	0.0442875481386393	1
NA	MT-ATP8	102301845	102303403	102302511	102302717	1558	206	206	0.132220795892169	1
NA	MT-ATP6	102301845	102303403	102302672	102303352	1558	680	680	0.436456996148909	1
NA	MT-CO3	102301845	102303403	102303352	102304135	1558	783	51	0.0327342747111682	0.0651340996168582
MTND5P20	MT-ND5	102400000	102400141	102400000	102400820	141	820	141	1	0.171951219512195
NA	MT-CO3	102500002	102500289	102500000	102500596	287	596	287	1	0.481543624161074
NA	MT-ND3	102500352	102500944	102500665	102501010	592	345	279	0.471283783783784	0.808695652173913
NA	MT-CO3	102500352	102500944	102500000	102500596	592	596	244	0.412162162162162	0.409395973154362
NA	MT-TG	102500352	102500944	102500597	102500664	592	67	67	0.113175675675676	1
NA	MT-CO1	102600291	102601359	102600291	102601832	1068	1541	1068	1	0.693056456846204
NA	MT-TA	102900001	102901051	102900000	102900042	1050	42	41	0.039047619047619	0.976190476190476
NA	MT-TN	102900001	102901051	102900044	102900116	1050	72	72	0.0685714285714286	1
NA	MT-TC	102900001	102901051	102900148	102900213	1050	65	65	0.0619047619047619	1
NA	MT-TY	102900001	102901051	102900213	102900278	1050	65	65	0.0619047619047619	1
NA	MT-CO1	102900001	102901051	102900291	102901832	1050	1541	760	0.723809523809524	0.493186242699546
NA	MT-CO3	1.03e+08	103000420	1.03e+08	103000596	420	596	420	1	0.704697986577181
NA	MT-ND3	103000653	103001040	103000665	103001010	387	345	345	0.891472868217054	1
NA	MT-TG	103000653	103001040	103000597	103000664	387	67	11	0.0284237726098191	0.164179104477612
NA	MT-CO3	103100027	103100430	103100000	103100596	403	596	403	1	0.676174496644295
NA	MT-CO1	103200290	103201340	103200291	103201832	1050	1541	1049	0.999047619047619	0.680726800778715
NA	MT-ATP8	103500000	103500096	103500000	103500110	96	110	96	1	0.872727272727273
NA	MT-ATP6	103500000	103500096	103500065	103500745	96	680	31	0.322916666666667	0.0455882352941176
NA	MT-CO3	104300000	104300158	104300000	104300171	158	171	158	1	0.923976608187134
NA	MT-ND6	104400000	104400109	104400000	104400251	109	251	109	1	0.434262948207171
NA	MT-CYB	104500000	104500663	104500000	104501088	663	1088	663	1	0.609375
MTND6P14	MT-ND3	104600124	104600645	104600301	104600646	521	345	344	0.660268714011516	0.997101449275362
MTND6P14	MT-CO3	104600124	104600645	104600000	104600232	521	232	108	0.207293666026871	0.46551724137931
MTND6P14	MT-TG	104600124	104600645	104600233	104600300	521	67	67	0.128598848368522	1
MTND5P19	MT-TR	104600656	104602449	104600647	104600711	1793	64	55	0.0306748466257669	0.859375
MTND5P19	MT-ND4L	104600656	104602449	104600712	104601008	1793	296	296	0.165086447295036	1
MTND5P19	MT-ND4	104600656	104602449	104601002	104602379	1793	1377	1377	0.767986614612381	1
MTND5P19	MT-TH	104600656	104602449	104602380	104602448	1793	68	68	0.03792526491913	1
MTND5P19	MT-TS2	104600656	104602449	104602449	104602507	1793	58	0	0	0
MTND4P10	MT-ND5	104602657	104604019	104602579	104604390	1362	1811	1362	1	0.752070679182772
NA	MT-ND5	104604016	104604310	104602579	104604390	294	1811	294	1	0.162341247929321
MTND3P8	MT-ND5	104604363	104604701	104602579	104604390	338	1811	27	0.0798816568047337	0.014908890115958
MTND3P8	MT-ND6	104604363	104604701	104604391	104604915	338	524	310	0.917159763313609	0.591603053435115
NA	MT-ND6	104604763	104604994	104604391	104604915	231	524	152	0.658008658008658	0.290076335877863
NA	MT-TE	104604763	104604994	104604916	104604984	231	68	68	0.294372294372294	1
NA	MT-CYB	104604763	104604994	104604989	104606129	231	1140	5	0.0216450216450216	0.0043859649122807
MTRNR2L11	MT-ND1	104702961	104704512	104702709	104703664	1551	955	703	0.453255963894262	0.736125654450262
MTRNR2L11	MT-TI	104702961	104704512	104703665	104703733	1551	68	68	0.0438426821405545	1
MTRNR2L11	MT-TQ	104702961	104704512	104703731	104703802	1551	71	71	0.0457769181173436	1
MTRNR2L11	MT-TM	104702961	104704512	104703804	104703871	1551	67	67	0.0431979368149581	1
MTRNR2L11	MT-ND2	104702961	104704512	104703872	104704913	1551	1041	640	0.412637008381689	0.614793467819404
NA	MT-ND5	104900697	104901823	104900181	104901992	1126	1811	1126	1	0.621755935946991
MTND6P15	MT-ND5	104901894	104902414	104900181	104901992	520	1811	98	0.188461538461538	0.0541137493097736
MTND6P15	MT-ND6	104901894	104902414	104901993	104902517	520	524	421	0.809615384615385	0.803435114503817
MTND5P18	MT-ND6	104902416	104904216	104901993	104902517	1800	524	101	0.0561111111111111	0.192748091603053
MTND5P18	MT-TE	104902416	104904216	104902518	104902586	1800	68	68	0.0377777777777778	1
MTND5P18	MT-CYB	104902416	104904216	104902591	104903731	1800	1140	1140	0.633333333333333	1
MTND5P18	MT-TT	104902416	104904216	104903732	104903797	1800	65	65	0.0361111111111111	1
MTND5P18	MT-TP	104902416	104904216	104903800	104903867	1800	67	67	0.0372222222222222	1
NA	MT-CO1	1.05e+08	105000492	1.05e+08	105001287	492	1287	492	1	0.382284382284382
NA	MT-ND3	200100000	200100156	200100000	200100199	156	199	156	1	0.78391959798995
NA	MT-CYB	200400002	200400193	200400000	200400632	191	632	191	1	0.302215189873418
NA	MT-CO1	200800002	200800727	200800000	200801175	725	1175	725	1	0.617021276595745
NA	MT-CO2	201400000	201400251	201400000	201400410	251	410	251	1	0.61219512195122
MTND4P25	MT-ND4	201500005	201500537	201500000	201500548	532	548	532	1	0.970802919708029
MTND5P27	MT-ND5	201500830	201502549	201500748	201502559	1719	1811	1719	1	0.949199337382661
MTND6P7	MT-ND5	201502559	201503082	201500748	201502559	523	1811	0	0	0
MTND6P7	MT-ND6	201502559	201503082	201502560	201503084	523	524	522	0.998087954110899	0.99618320610687
NA	MT-TE	201503152	201504285	201503085	201503153	1133	68	1	0.00088261253309797	0.0147058823529412
NA	MT-CYB	201503152	201504285	201503158	201504298	1133	1140	1127	0.994704324801412	0.98859649122807
NA	MT-CO1	201700004	201700226	201700000	201700593	222	593	222	1	0.374367622259696
MTATP8P2	MT-ATP8	201900052	201900253	201900052	201900258	201	206	201	1	0.975728155339806
MTATP8P2	MT-ATP6	201900052	201900253	201900213	201900893	201	680	40	0.199004975124378	0.0588235294117647
NA	MT-TA	202200000	202201070	202200000	202200031	1070	31	31	0.0289719626168224	1
NA	MT-TN	202200000	202201070	202200033	202200105	1070	72	72	0.0672897196261682	1
NA	MT-TC	202200000	202201070	202200137	202200202	1070	65	65	0.0607476635514019	1
NA	MT-TY	202200000	202201070	202200202	202200267	1070	65	65	0.0607476635514019	1
NA	MT-CO1	202200000	202201070	202200280	202201821	1070	1541	790	0.738317757009346	0.512654120700844
NA	MT-CO3	202300000	202300601	202300000	202300596	601	596	596	0.991680532445923	1
NA	MT-TG	202300000	202300601	202300597	202300664	601	67	4	0.00665557404326123	0.0597014925373134
NA	MT-CYB	202900000	202900463	202900000	202900443	463	443	443	0.956803455723542	1
NA	MT-TT	202900000	202900463	202900444	202900509	463	65	19	0.041036717062635	0.292307692307692
MTND1P28	MT-TL1	203202705	203203654	203202634	203202708	949	74	3	0.00316122233930453	0.0405405405405405
MTND1P28	MT-ND1	203202705	203203654	203202711	203203666	949	955	943	0.993677555321391	0.987434554973822
MTND2P21	MT-TM	203203864	203204905	203203806	203203873	1041	67	9	0.00864553314121038	0.134328358208955
MTND2P21	MT-ND2	203203864	203204905	203203874	203204915	1041	1041	1031	0.990393852065322	0.990393852065322
NA	MT-CO1	203205324	203205811	203205308	203206849	487	1541	487	1	0.316028552887735
NA	MT-ATP8	203300022	203300683	203300000	203300067	661	67	45	0.0680786686838124	0.671641791044776
NA	MT-ATP6	203300022	203300683	203300022	203300702	661	680	661	1	0.972058823529412
NA	MT-ATP6	203300695	203301830	203300022	203300702	1135	680	7	0.00616740088105727	0.0102941176470588
NA	MT-CO3	203300695	203301830	203300702	203301485	1135	783	783	0.689867841409692	1
NA	MT-CO3	203400000	203400201	203400000	203400205	201	205	201	1	0.980487804878049
MTND3P10	MT-ND3	203400274	203400614	203400274	203400619	340	345	340	1	0.985507246376812
NA	MT-TR	203400683	203400970	203400620	203400684	287	64	1	0.00348432055749129	0.015625
NA	MT-ND4L	203400683	203400970	203400685	203400981	287	296	285	0.993031358885017	0.962837837837838
MTND4P26	MT-ND4L	203400970	203402328	203400685	203400981	1358	296	11	0.00810014727540501	0.0371621621621622
MTND4P26	MT-ND4	203400970	203402328	203400975	203402352	1358	1377	1353	0.996318114874816	0.982570806100218
MTND5P28	MT-TL2	203402520	203404618	203402481	203402551	2098	70	31	0.0147759771210677	0.442857142857143
MTND5P28	MT-ND5	203402520	203404618	203402552	203404363	2098	1811	1811	0.863203050524309	1
MTND5P28	MT-ND5	203500000	203501379	203500000	203501400	1379	1400	1379	1	0.985
MTND5P28	MT-ND5	203600000	203600724	203600000	203600901	724	901	724	1	0.803551609322974
MTND5P22	MT-TS2	203700003	203700197	203700000	203700008	194	8	5	0.0257731958762887	0.625
MTND5P22	MT-TL2	203700003	203700197	203700009	203700079	194	70	70	0.360824742268041	1
MTND5P22	MT-ND5	203700003	203700197	203700080	203701891	194	1811	117	0.603092783505155	0.0646051905024848
MTND1P29	MT-ND1	204200035	204201711	204200000	204200604	1676	604	569	0.339498806682578	0.94205298013245
MTND1P29	MT-ND1	204300000	204300462	204300000	204300463	462	463	462	1	0.997840172786177
MTND2P22	MT-TM	204300669	204301701	204300603	204300670	1032	67	1	0.000968992248062015	0.0149253731343284
MTND2P22	MT-ND2	204300669	204301701	204300671	204301712	1032	1041	1030	0.998062015503876	0.989433237271854
NA	MT-CO1	204302098	204303639	204302105	204303646	1541	1541	1534	0.995457495133031	0.995457495133031
NA	MT-TD	204303782	204304447	204303719	204303786	665	67	4	0.00601503759398496	0.0597014925373134
NA	MT-CO2	204303782	204304447	204303787	204304470	665	683	660	0.992481203007519	0.966325036603221
MTATP6P7	MT-ATP8	204304697	204305377	204304567	204304773	680	206	76	0.111764705882353	0.368932038834951
MTATP6P7	MT-ATP6	204304697	204305377	204304728	204305408	680	680	649	0.954411764705882	0.954411764705882
NA	MT-ATP6	204305374	204306147	204304728	204305408	773	680	34	0.0439844760672704	0.05
NA	MT-CO3	204305374	204306147	204305408	204306191	773	783	739	0.95601552393273	0.943805874840358
MTND4P27	MT-ND4L	204306947	204308300	204306671	204306967	1353	296	20	0.0147819660014782	0.0675675675675676
MTND4P27	MT-ND4	204306947	204308300	204306961	204308338	1353	1377	1339	0.989652623798965	0.972403776325345
MTND5P29	MT-TL2	204308489	204310295	204308467	204308537	1806	70	48	0.026578073089701	0.685714285714286
MTND5P29	MT-ND5	204308489	204310295	204308538	204310349	1806	1811	1757	0.972868217054264	0.970182219768084
MTND6P8	MT-ND5	204310275	204310796	204308538	204310349	521	1811	74	0.142034548944338	0.0408614025400331
MTND6P8	MT-ND6	204310275	204310796	204310350	204310874	521	524	446	0.856046065259117	0.851145038167939
NA	MT-ND6	204310869	204311519	204310350	204310874	650	524	5	0.00769230769230769	0.00954198473282443
NA	MT-TE	204310869	204311519	204310875	204310943	650	68	68	0.104615384615385	1
NA	MT-CYB	204310869	204311519	204310948	204312088	650	1140	571	0.878461538461539	0.500877192982456
NA	MT-ND4L	204400001	204400650	204400000	204400112	649	112	111	0.171032357473035	0.991071428571429
NA	MT-ND4	204400001	204400650	204400106	204401483	649	1377	544	0.838212634822804	0.395061728395062
MTND6P10	MT-ND4	204400724	204401240	204400106	204401483	516	1377	516	1	0.374727668845316
MTND5P23	MT-ND4	204401360	204403014	204400106	204401483	1654	1377	123	0.0743651753325272	0.0893246187363834
MTND5P23	MT-TH	204401360	204403014	204401484	204401552	1654	68	68	0.0411124546553809	1
MTND5P23	MT-TS2	204401360	204403014	204401553	204401611	1654	58	58	0.0350665054413543	1
MTND5P23	MT-TL2	204401360	204403014	204401612	204401682	1654	70	70	0.0423216444981862	1
MTND5P23	MT-ND5	204401360	204403014	204401683	204403494	1654	1811	1331	0.804715840386941	0.73495306460519
MTND4P21	MT-ND5	204403233	204404589	204401683	204403494	1356	1811	261	0.192477876106195	0.144119271120928
MTND4P21	MT-ND6	204403233	204404589	204403495	204404019	1356	524	524	0.386430678466077	1
MTND4P21	MT-TE	204403233	204404589	204404020	204404088	1356	68	68	0.0501474926253687	1
MTND4P21	MT-CYB	204403233	204404589	204404093	204405233	1356	1140	496	0.365781710914454	0.435087719298246
NA	MT-CO1	204700560	204701320	204700000	204701065	760	1065	505	0.664473684210526	0.474178403755869
NA	MT-TS1	204700560	204701320	204701066	204701134	760	68	68	0.0894736842105263	1
NA	MT-TD	204700560	204701320	204701138	204701205	760	67	67	0.0881578947368421	1
NA	MT-CO2	204700560	204701320	204701206	204701889	760	683	114	0.15	0.166910688140556
MTATP6P4	MT-CO2	204701323	204701997	204701206	204701889	674	683	566	0.839762611275964	0.828696925329429
MTATP6P4	MT-TK	204701323	204701997	204701915	204701984	674	69	69	0.102373887240356	1
MTATP6P4	MT-ATP8	204701323	204701997	204701986	204702192	674	206	11	0.0163204747774481	0.0533980582524272
NA	MT-ATP6	204702247	204702904	204702147	204702827	657	680	580	0.882800608828006	0.852941176470588
NA	MT-CO3	204702247	204702904	204702827	204703610	657	783	77	0.117199391171994	0.0983397190293742
NA	MT-ND3	204703050	204704468	204703679	204704024	1418	345	345	0.243300423131171	1
NA	MT-TR	204703050	204704468	204704025	204704089	1418	64	64	0.0451339915373766	1
NA	MT-ND4L	204703050	204704468	204704090	204704386	1418	296	296	0.208744710860367	1
NA	MT-CO3	204703050	204704468	204702827	204703610	1418	783	560	0.394922425952045	0.715197956577267
NA	MT-TG	204703050	204704468	204703611	204703678	1418	67	67	0.0472496473906911	1
NA	MT-ND1	204800000	204800364	204800000	204800624	364	624	364	1	0.583333333333333
MTND2P18	MT-TM	204800764	204801793	204800764	204800831	1029	67	67	0.06511175898931	1
MTND2P18	MT-ND2	204800764	204801793	204800832	204801873	1029	1041	961	0.933916423712342	0.923150816522574
MTND1P26	MT-TA	204802003	204802540	204801949	204802017	537	68	14	0.0260707635009311	0.205882352941176
MTND1P26	MT-TN	204802003	204802540	204802019	204802091	537	72	72	0.134078212290503	1
MTND1P26	MT-TC	204802003	204802540	204802123	204802188	537	65	65	0.121042830540037	1
MTND1P26	MT-TY	204802003	204802540	204802188	204802253	537	65	65	0.121042830540037	1
MTND1P26	MT-CO1	204802003	204802540	204802266	204803807	537	1541	274	0.51024208566108	0.17780661907852
NA	MT-ND2	205200000	205200238	205200000	205200339	238	339	238	1	0.702064896755162
MTND2P19	MT-TC	205200650	205203367	205200589	205200654	2717	65	4	0.00147221199852779	0.0615384615384615
MTND2P19	MT-TY	205200650	205203367	205200654	205200719	2717	65	65	0.0239234449760766	1
MTND2P19	MT-CO1	205200650	205203367	205200732	205202273	2717	1541	1541	0.56716967243283	1
MTND2P19	MT-TF	205300000	205300706	205300000	205300070	706	70	70	0.0991501416430595	1
MTND2P19	MT-RNR1	205300000	205300706	205300071	205301024	706	953	635	0.89943342776204	0.666316894018888
MTND1P27	MT-TV	205300922	205301823	205301025	205301093	901	68	68	0.0754716981132075	1
MTND1P27	MT-RNR2	205300922	205301823	205301094	205302652	901	1558	729	0.809100998890122	0.46790757381258
MTND1P27	MT-RNR1	205300922	205301823	205300071	205301024	901	953	102	0.113207547169811	0.107030430220357
NA	MT-ND4L	205800715	205801823	205800630	205800926	1108	296	211	0.19043321299639	0.712837837837838
NA	MT-ND4	205800715	205801823	205800920	205802297	1108	1377	903	0.814981949458484	0.655773420479303
MTND6P11	MT-ND4	205801892	205802374	205800920	205802297	482	1377	405	0.840248962655602	0.294117647058824
MTND6P11	MT-TH	205801892	205802374	205802298	205802366	482	68	68	0.141078838174274	1
MTND6P11	MT-TS2	205801892	205802374	205802367	205802425	482	58	7	0.0145228215767635	0.120689655172414
MTND5P24	MT-TL2	205802448	205804214	205802426	205802496	1766	70	48	0.0271800679501699	0.685714285714286
MTND5P24	MT-ND5	205802448	205804214	205802497	205804308	1766	1811	1717	0.972253680634202	0.94809497515185
MTND4P22	MT-ND6	205804498	205805666	205804309	205804833	1168	524	335	0.286815068493151	0.639312977099237
MTND4P22	MT-TE	205804498	205805666	205804834	205804902	1168	68	68	0.0582191780821918	1
MTND4P22	MT-CYB	205804498	205805666	205804907	205806047	1168	1140	759	0.649828767123288	0.66578947368421
NA	MT-CYB	205805782	205806076	205804907	205806047	294	1140	265	0.901360544217687	0.232456140350877
NA	MT-TT	205805782	205806076	205806048	205806113	294	65	28	0.0952380952380952	0.430769230769231
MTND3P9	MT-TP	205806143	205806488	205806116	205806183	345	67	40	0.115942028985507	0.597014925373134
NA	MT-CO2	205900000	205900555	205900000	205900516	555	516	516	0.92972972972973	1
NA	MT-TK	205900000	205900555	205900542	205900611	555	69	13	0.0234234234234234	0.188405797101449
NA	MT-CO3	205901552	205901977	205901454	205902237	425	783	425	1	0.542784163473819
NA	MT-ND2	206300000	206300265	206300000	206300657	265	657	265	1	0.403348554033486
MTND2P20	MT-TW	206300704	206301364	206300658	206300725	660	67	21	0.0318181818181818	0.313432835820896
MTND2P20	MT-TA	206300704	206301364	206300733	206300801	660	68	68	0.103030303030303	1
MTND2P20	MT-TN	206300704	206301364	206300803	206300875	660	72	72	0.109090909090909	1
MTND2P20	MT-TC	206300704	206301364	206300907	206300972	660	65	65	0.0984848484848485	1
MTND2P20	MT-TY	206300704	206301364	206300972	206301037	660	65	65	0.0984848484848485	1
MTND2P20	MT-CO1	206300704	206301364	206301050	206302591	660	1541	314	0.475757575757576	0.203763789746918
MTND4P28	MT-ND4	206400000	206400323	206400000	206400336	323	336	323	1	0.961309523809524
MTND5P30	MT-ND5	206400611	206402341	206400536	206402347	1730	1811	1730	1	0.955273329652126
MTND6P9	MT-ND6	206402354	206402872	206402348	206402872	518	524	518	1	0.988549618320611
NA	MT-CYB	206402980	206403282	206402946	206404086	302	1140	302	1	0.264912280701754
MTND5P25	MT-TR	206900000	206900785	206900000	206900057	785	57	57	0.0726114649681529	1
MTND5P25	MT-ND4L	206900000	206900785	206900058	206900354	785	296	296	0.377070063694268	1
MTND5P25	MT-ND4	206900000	206900785	206900348	206901725	785	1377	437	0.556687898089172	0.317356572258533
MTND4P23	MT-ND4	206901002	206902364	206900348	206901725	1362	1377	723	0.530837004405286	0.525054466230937
MTND4P23	MT-TH	206901002	206902364	206901726	206901794	1362	68	68	0.0499265785609398	1
MTND4P23	MT-TS2	206901002	206902364	206901795	206901853	1362	58	58	0.0425844346549192	1
MTND4P23	MT-TL2	206901002	206902364	206901854	206901924	1362	70	70	0.0513950073421439	1
MTND4P23	MT-ND5	206901002	206902364	206901925	206903736	1362	1811	439	0.322320117474303	0.24240750966317
NA	MT-ND5	206902357	206902654	206901925	206903736	297	1811	297	1	0.163997791275538
NA	MT-CO2	207000363	207001039	207000358	207001041	676	683	676	1	0.989751098096633
NA	MT-ATP8	207001256	207001781	207001138	207001344	525	206	88	0.167619047619048	0.427184466019417
NA	MT-ATP6	207001256	207001781	207001299	207001979	525	680	482	0.918095238095238	0.708823529411765
NA	MT-ATP6	207100103	207100856	207100000	207100117	753	117	14	0.0185922974767596	0.11965811965812
NA	MT-CO3	207100103	207100856	207100117	207100900	753	783	739	0.98140770252324	0.943805874840358
NA	MT-ND3	207100932	207101275	207100969	207101314	343	345	306	0.892128279883382	0.88695652173913
NA	MT-TG	207100932	207101275	207100901	207100968	343	67	36	0.104956268221574	0.537313432835821
NA	MT-TR	207101340	207101634	207101315	207101379	294	64	39	0.13265306122449	0.609375
NA	MT-ND4L	207101340	207101634	207101380	207101676	294	296	254	0.863945578231292	0.858108108108108
MTND4P29	MT-ND4L	207101628	207103295	207101380	207101676	1667	296	48	0.0287942411517696	0.162162162162162
MTND4P29	MT-ND4	207101628	207103295	207101670	207103047	1667	1377	1377	0.826034793041392	1
MTND4P29	MT-ND4	207200000	207200527	207200000	207200530	527	530	527	1	0.994339622641509
NA	MT-CO1	207400004	207400494	207400000	207400501	490	501	490	1	0.978043912175649
NA	MT-CO2	207400643	207401319	207400642	207401325	676	683	676	1	0.989751098096633
NA	MT-ATP8	207401559	207402230	207401422	207401628	671	206	69	0.102831594634873	0.33495145631068
NA	MT-ATP6	207401559	207402230	207401583	207402263	671	680	647	0.964232488822653	0.951470588235294
NA	MT-CO3	207402490	207403002	207402263	207403046	512	783	512	1	0.65389527458493
NA	MT-ND3	207403074	207403417	207403115	207403460	343	345	302	0.880466472303207	0.87536231884058
NA	MT-TG	207403074	207403417	207403047	207403114	343	67	40	0.116618075801749	0.597014925373134
NA	MT-TR	207403485	207403777	207403461	207403525	292	64	40	0.136986301369863	0.625
NA	MT-ND4L	207403485	207403777	207403526	207403822	292	296	251	0.85958904109589	0.847972972972973
MTND4P30	MT-ND4L	207403773	207404671	207403526	207403822	898	296	49	0.05456570155902	0.165540540540541
MTND4P30	MT-ND4	207403773	207404671	207403816	207405193	898	1377	855	0.952115812917595	0.620915032679739
MTND4P30	MT-ND4	207500000	207500265	207500000	207501055	265	1055	265	1	0.251184834123223
NA	MT-CYB	207700191	207700902	207700000	207700494	711	494	303	0.426160337552743	0.61336032388664
NA	MT-TC	207800000	207800707	207800000	207800060	707	60	60	0.0848656294200849	1
NA	MT-TY	207800000	207800707	207800060	207800125	707	65	65	0.0919377652050919	1
NA	MT-CO1	207800000	207800707	207800138	207801679	707	1541	569	0.804809052333805	0.369240752757949
MTND2P23	MT-ND2	208100000	208100647	208100000	208100657	647	657	647	1	0.984779299847793
NA	MT-CO1	208101064	208102554	208101050	208102591	1490	1541	1490	1	0.966904607397794
NA	MT-CO1	208500003	208500453	208500000	208501391	450	1391	450	1	0.323508267433501
NA	MT-CO1	300200000	300200342	300200000	300200359	342	359	342	1	0.952646239554318
NA	MT-ND3	300500000	300500173	300500000	300500003	173	3	3	0.0173410404624277	1
NA	MT-TR	300500000	300500173	300500004	300500068	173	64	64	0.369942196531792	1
NA	MT-ND4L	300500000	300500173	300500069	300500365	173	296	104	0.601156069364162	0.351351351351351
NA	MT-ATP6	301200070	301200235	301200000	301200070	165	70	0	0	0
NA	MT-CO3	301200070	301200235	301200070	301200853	165	783	165	1	0.210727969348659
NA	MT-CO1	301301048	301301732	301300000	301301418	684	1418	370	0.54093567251462	0.260930888575458
NA	MT-TS1	301301048	301301732	301301419	301301487	684	68	68	0.0994152046783626	1
NA	MT-TD	301301048	301301732	301301491	301301558	684	67	67	0.097953216374269	1
NA	MT-CO2	301301048	301301732	301301559	301302242	684	683	173	0.252923976608187	0.253294289897511
NA	MT-CO2	301301876	301303259	301301559	301302242	1383	683	366	0.264642082429501	0.535871156661786
NA	MT-TK	301301876	301303259	301302268	301302337	1383	69	69	0.0498915401301518	1
NA	MT-ATP8	301301876	301303259	301302339	301302545	1383	206	206	0.148951554591468	1
NA	MT-ATP6	301301876	301303259	301302500	301303180	1383	680	680	0.491684743311641	1
NA	MT-CO3	301301876	301303259	301303180	301303963	1383	783	79	0.0571221981200289	0.100893997445722
MTRNR2L12	MT-TV	301400000	301400968	301400206	301400274	968	68	68	0.0702479338842975	1
MTRNR2L12	MT-RNR2	301400000	301400968	301400275	301401833	968	1558	693	0.715909090909091	0.444801026957638
MTRNR2L12	MT-RNR1	301400000	301400968	301400000	301400205	968	205	205	0.211776859504132	1
MTND4P16	MT-ND4	301700213	301701579	301700183	301701560	1366	1377	1347	0.986090775988287	0.978213507625272
MTND4P16	MT-TH	301700213	301701579	301701561	301701629	1366	68	18	0.0131771595900439	0.264705882352941
NA	MT-TH	301701590	301702269	301701561	301701629	679	68	39	0.0574374079528719	0.573529411764706
NA	MT-TS2	301701590	301702269	301701630	301701688	679	58	58	0.085419734904271	1
NA	MT-TL2	301701590	301702269	301701689	301701759	679	70	70	0.103092783505155	1
NA	MT-ND5	301701590	301702269	301701760	301703571	679	1811	509	0.749631811487482	0.281060187741579
NA	MT-ATP6	301800000	301800115	301800000	301800587	115	587	115	1	0.195911413969336
MTND3P6	MT-ATP6	301800190	301800528	301800000	301800587	338	587	338	1	0.575809199318569
NA	MT-CO3	301800598	301801378	301800587	301801370	780	783	772	0.98974358974359	0.985951468710089
NA	MT-TG	301800598	301801378	301801371	301801438	780	67	7	0.00897435897435897	0.104477611940299
NA	MT-ND3	301801378	301801975	301801439	301801784	597	345	345	0.577889447236181	1
NA	MT-TR	301801378	301801975	301801785	301801849	597	64	64	0.107202680067002	1
NA	MT-ND4L	301801378	301801975	301801850	301802146	597	296	125	0.209380234505863	0.422297297297297
NA	MT-TG	301801378	301801975	301801371	301801438	597	67	60	0.100502512562814	0.895522388059702
MTND5P16	MT-ND5	302000002	302001704	3.02e+08	302001684	1702	1684	1682	0.988249118683901	0.998812351543943
MTND5P16	MT-ND6	302000002	302001704	302001685	302002209	1702	524	19	0.0111633372502938	0.0362595419847328
MTND6P6	MT-ND6	302001706	302001968	302001685	302002209	262	524	262	1	0.5
NA	MT-CO1	302100000	302100222	302100000	302101448	222	1448	222	1	0.153314917127072
NA	MT-ND1	302200000	302200013	302200000	302200913	13	913	13	1	0.0142387732749179
MTND1P16	MT-ND1	302200000	302200897	302200000	302200913	897	913	897	1	0.982475355969332
MTND2P14	MT-TM	302201105	302201455	302201053	302201120	350	67	15	0.0428571428571429	0.223880597014925
MTND2P14	MT-ND2	302201105	302201455	302201121	302202162	350	1041	334	0.954285714285714	0.320845341018252
MTND2P14	MT-RNR1	302300000	302300000	302300000	302300581	0	581	0	NA	0
NA	MT-CO1	302400001	302400288	302400000	302400294	287	294	287	1	0.976190476190476
NA	MT-CO2	302400435	302400623	302400435	302401118	188	683	188	1	0.275256222547584
MTND4P17	MT-ND4	303200118	303200467	303200000	303200167	349	167	49	0.140401146131805	0.293413173652695
MTND4P17	MT-TH	303200118	303200467	303200168	303200236	349	68	68	0.194842406876791	1
MTND4P17	MT-TS2	303200118	303200467	303200237	303200295	349	58	58	0.166189111747851	1
MTND4P17	MT-ATP6	303300000	303300140	303300000	303300098	140	98	98	0.7	1
MTND4P17	MT-CO3	303300000	303300140	303300098	303300881	140	783	42	0.3	0.053639846743295
NA	MT-CO3	303300184	303300474	303300098	303300881	290	783	290	1	0.37037037037037
MTND3P7	MT-CO3	303300547	303300889	303300098	303300881	342	783	334	0.976608187134503	0.426564495530013
MTND3P7	MT-TG	303300547	303300889	303300882	303300949	342	67	7	0.0204678362573099	0.104477611940299
NA	MT-ND3	303300973	303301738	303300950	303301295	765	345	322	0.420915032679739	0.933333333333333
NA	MT-TR	303300973	303301738	303301296	303301360	765	64	64	0.0836601307189542	1
NA	MT-ND4L	303300973	303301738	303301361	303301657	765	296	296	0.386928104575163	1
NA	MT-ND4	303300973	303301738	303301651	303303028	765	1377	87	0.113725490196078	0.0631808278867102
NA	MT-CO1	303900000	303900192	303900000	303900740	192	740	192	1	0.259459459459459
MTND5P15	MT-ND5	304200000	304200347	304200000	304201136	347	1136	347	1	0.305457746478873
NA	MT-CO3	400200004	400200343	400200000	400200655	339	655	339	1	0.517557251908397
MTND2P31	MT-ND2	400300000	400300615	400300000	400300898	615	898	615	1	0.684855233853007
MTND5P4	MT-ND5	400400001	400400288	400400000	400401050	287	1050	287	1	0.273333333333333
MTND4P9	MT-ND4	400500168	400501831	400500000	400500837	1663	837	669	0.402285027059531	0.799283154121864
MTND4P9	MT-TH	400500168	400501831	400500838	400500906	1663	68	68	0.0408899579073963	1
MTND4P9	MT-TS2	400500168	400501831	400500907	400500965	1663	58	58	0.0348767288033674	1
MTND4P9	MT-TL2	400500168	400501831	400500966	400501036	1663	70	70	0.042092603728202	1
MTND4P9	MT-CO3	400600000	400600533	400600000	400600550	533	550	533	1	0.969090909090909
NA	MT-ND3	400600543	400600818	400600619	400600964	275	345	199	0.723636363636364	0.576811594202899
NA	MT-CO3	400600543	400600818	400600000	400600550	275	550	7	0.0254545454545455	0.0127272727272727
NA	MT-TG	400600543	400600818	400600551	400600618	275	67	67	0.243636363636364	1
MTND3P5	MT-ND3	400600887	400601219	400600619	400600964	332	345	77	0.231927710843373	0.223188405797101
MTND3P5	MT-TR	400600887	400601219	400600965	400601029	332	64	64	0.192771084337349	1
MTND3P5	MT-ND4L	400600887	400601219	400601030	400601326	332	296	189	0.569277108433735	0.638513513513513
NA	MT-ND4L	400601304	400601844	400601030	400601326	540	296	22	0.0407407407407407	0.0743243243243243
NA	MT-ND4	400601304	400601844	400601320	400602697	540	1377	524	0.97037037037037	0.380537400145243
NA	MT-CYB	400800046	400800785	400800000	400800747	739	747	701	0.948579161028417	0.938420348058902
NA	MT-TT	400800046	400800785	400800748	400800813	739	65	37	0.0500676589986468	0.569230769230769
NA	MT-CO3	401200000	401200503	401200000	401200505	503	505	503	1	0.996039603960396
NA	MT-ND3	401200566	401200880	401200574	401200919	314	345	306	0.974522292993631	0.88695652173913
NA	MT-TG	401200566	401200880	401200506	401200573	314	67	7	0.0222929936305732	0.104477611940299
NA	MT-ND3	401300000	401300155	401300000	401300258	155	258	155	1	0.60077519379845
NA	MT-CO3	401400001	401400292	401400000	401400505	291	505	291	1	0.576237623762376
NA	MT-ND3	401400355	401400872	401400574	401400919	517	345	298	0.576402321083172	0.863768115942029
NA	MT-CO3	401400355	401400872	401400000	401400505	517	505	150	0.290135396518375	0.297029702970297
NA	MT-TG	401400355	401400872	401400506	401400573	517	67	67	0.129593810444874	1
NA	MT-ATP6	401600038	401600233	401600000	401600038	195	38	0	0	0
NA	MT-CO3	401600038	401600233	401600038	401600821	195	783	195	1	0.24904214559387
NA	MT-ND5	401800680	401801808	401800000	401801112	1128	1112	432	0.382978723404255	0.388489208633094
NA	MT-ND6	401800680	401801808	401801113	401801637	1128	524	524	0.464539007092199	1
NA	MT-TE	401800680	401801808	401801638	401801706	1128	68	68	0.0602836879432624	1
NA	MT-CYB	401800680	401801808	401801711	401802851	1128	1140	97	0.0859929078014184	0.0850877192982456
MTND6P16	MT-CYB	401801882	401802401	401801711	401802851	519	1140	519	1	0.455263157894737
MTND5P13	MT-CYB	401802431	401803509	401801711	401802851	1078	1140	420	0.38961038961039	0.368421052631579
MTND5P13	MT-TT	401802431	401803509	401802852	401802917	1078	65	65	0.0602968460111317	1
MTND5P13	MT-TP	401802431	401803509	401802920	401802987	1078	67	67	0.062152133580705	1
NA	MT-CO3	401900073	401900366	401900000	401900505	293	505	293	1	0.58019801980198
NA	MT-ND3	401900437	401900765	401900574	401900919	328	345	191	0.582317073170732	0.553623188405797
NA	MT-CO3	401900437	401900765	401900000	401900505	328	505	68	0.207317073170732	0.134653465346535
NA	MT-TG	401900437	401900765	401900506	401900573	328	67	67	0.204268292682927	1
NA	MT-ND3	401900831	401901345	401900574	401900919	514	345	88	0.171206225680934	0.255072463768116
NA	MT-TR	401900831	401901345	401900920	401900984	514	64	64	0.124513618677043	1
NA	MT-ND4L	401900831	401901345	401900985	401901281	514	296	296	0.575875486381323	1
NA	MT-ND4	401900831	401901345	401901275	401902652	514	1377	70	0.136186770428016	0.0508351488743646
NA	MT-RNR2	402300000	402300158	402300000	402301012	158	1012	158	1	0.156126482213439
NA	MT-CYB	402500000	402500818	402500000	402500955	818	955	818	1	0.856544502617801
MTND1P19	MT-ND1	402800520	402800834	402800517	402801472	314	955	314	1	0.328795811518325
MTRNR2L13	MT-RNR2	403301117	403302621	403301094	403302652	1504	1558	1504	1	0.965340179717587
NA	MT-RNR1	403500000	403500770	403500000	403500940	770	940	770	1	0.819148936170213
MTND6P17	MT-TV	403500891	403501409	403500941	403501009	518	68	68	0.131274131274131	1
MTND6P17	MT-RNR2	403500891	403501409	403501010	403502568	518	1558	399	0.77027027027027	0.25609756097561
MTND6P17	MT-RNR1	403500891	403501409	403500000	403500940	518	940	49	0.0945945945945946	0.0521276595744681
MTND5P9	MT-RNR2	403501414	403503168	403501010	403502568	1754	1558	1154	0.657924743443558	0.740693196405648
MTND5P9	MT-TL1	403501414	403503168	403502569	403502643	1754	74	74	0.0421892816419612	1
MTND5P9	MT-ND1	403501414	403503168	403502646	403503601	1754	955	522	0.297605473204105	0.546596858638743
MTND4P8	MT-ND1	403503415	403504776	403502646	403503601	1361	955	186	0.136664217487142	0.194764397905759
MTND4P8	MT-TI	403503415	403504776	403503602	403503670	1361	68	68	0.0499632623071271	1
MTND4P8	MT-TQ	403503415	403504776	403503668	403503739	1361	71	71	0.0521675238795004	1
MTND4P8	MT-TM	403503415	403504776	403503741	403503808	1361	67	67	0.0492285084496694	1
MTND4P8	MT-ND2	403503415	403504776	403503809	403504850	1361	1041	967	0.710506980161646	0.928914505283381
MTND3P3	MT-TN	403505003	403505346	403504996	403505068	343	72	65	0.189504373177843	0.902777777777778
MTND3P3	MT-TC	403505003	403505346	403505100	403505165	343	65	65	0.189504373177843	1
MTND3P3	MT-TY	403505003	403505346	403505165	403505230	343	65	65	0.189504373177843	1
MTND3P3	MT-CO1	403505003	403505346	403505243	403506784	343	1541	103	0.300291545189504	0.0668397144711226
NA	MT-CO1	403505545	403506325	403505243	403506784	780	1541	780	1	0.506164828033744
MTATP6P9	MT-CO1	403506326	403507005	403505243	403506784	679	1541	458	0.674521354933726	0.297209604153147
MTATP6P9	MT-TS1	403506326	403507005	403506785	403506853	679	68	68	0.100147275405007	1
MTATP6P9	MT-TD	403506326	403507005	403506857	403506924	679	67	67	0.0986745213549337	1
MTATP6P9	MT-CO2	403506326	403507005	403506925	403507608	679	683	80	0.117820324005891	0.117130307467057
NA	MT-CO2	403507235	403507928	403506925	403507608	693	683	373	0.538239538239538	0.546120058565154
NA	MT-TK	403507235	403507928	403507634	403507703	693	69	69	0.0995670995670996	1
NA	MT-ATP8	403507235	403507928	403507705	403507911	693	206	206	0.297258297258297	1
NA	MT-ATP6	403507235	403507928	403507866	403508546	693	680	62	0.0894660894660895	0.0911764705882353
NA	MT-ND3	403508069	403509602	403509398	403509743	1533	345	204	0.13307240704501	0.591304347826087
NA	MT-ATP6	403508069	403509602	403507866	403508546	1533	680	477	0.311154598825832	0.701470588235294
NA	MT-CO3	403508069	403509602	403508546	403509329	1533	783	783	0.510763209393346	1
NA	MT-TG	403508069	403509602	403509330	403509397	1533	67	67	0.0437051532941944	1
MTND2P33	MT-ND4L	403509998	403511028	403509809	403510105	1030	296	107	0.103883495145631	0.361486486486487
MTND2P33	MT-ND4	403509998	403511028	403510099	403511476	1030	1377	929	0.901941747572816	0.674655047204067
MTND1P22	MT-ND4	403511238	403512188	403510099	403511476	950	1377	238	0.250526315789474	0.172839506172839
MTND1P22	MT-TH	403511238	403512188	403511477	403511545	950	68	68	0.071578947368421	1
MTND1P22	MT-TS2	403511238	403512188	403511546	403511604	950	58	58	0.0610526315789474	1
MTND1P22	MT-TL2	403511238	403512188	403511605	403511675	950	70	70	0.0736842105263158	1
MTND1P22	MT-ND5	403511238	403512188	403511676	403513487	950	1811	512	0.538947368421053	0.282716731087797
NA	MT-CO2	403900000	403900157	403900000	403900647	157	647	157	1	0.242658423493045
NA	MT-CO1	4.04e+08	404000201	4.04e+08	404000257	201	257	201	1	0.782101167315175
NA	MT-CO2	500100000	500100401	500100000	500100276	401	276	276	0.688279301745636	1
NA	MT-CO1	500200000	500200577	500200000	500200848	577	848	577	1	0.680424528301887
NA	MT-CO1	500300003	500300366	500300000	500300491	363	491	363	1	0.739307535641548
NA	MT-TS1	500300508	500300999	500300492	500300560	491	68	52	0.105906313645621	0.764705882352941
NA	MT-TD	500300508	500300999	500300564	500300631	491	67	67	0.136456211812627	1
NA	MT-CO2	500300508	500300999	500300632	500301315	491	683	367	0.747454175152749	0.537335285505124
MTND6P2	MT-ND6	500400004	500400527	500400003	500400527	523	524	523	1	0.998091603053435
NA	MT-CYB	500400601	500401733	500400601	500401741	1132	1140	1132	1	0.992982456140351
MTRNR2L2	MT-TF	501300000	501301014	501300000	501300070	1014	70	70	0.0690335305719921	1
MTRNR2L2	MT-RNR1	501300000	501301014	501300071	501301024	1014	953	943	0.929980276134122	0.989506820566632
NA	MT-CYB	501500131	501500524	501500000	501500408	393	408	277	0.704834605597964	0.678921568627451
NA	MT-TT	501500131	501500524	501500409	501500474	393	65	65	0.165394402035623	1
NA	MT-TP	501500131	501500524	501500477	501500544	393	67	47	0.119592875318066	0.701492537313433
MTND5P12	MT-ND5	501800005	501801453	501800000	501801486	1448	1486	1448	1	0.97442799461642
MTND6P3	MT-ND5	501801473	501802014	501800000	501801486	541	1486	13	0.0240295748613678	0.00874831763122476
MTND6P3	MT-ND6	501801473	501802014	501801487	501802011	541	524	524	0.968576709796673	1
MTND6P3	MT-TE	501801473	501802014	501802012	501802080	541	68	2	0.00369685767097967	0.0294117647058824
NA	MT-CYB	501802084	501803220	501802085	501803225	1136	1140	1135	0.999119718309859	0.995614035087719
NA	MT-ND6	501900154	501901288	501900000	501900258	1134	258	104	0.091710758377425	0.403100775193798
NA	MT-TE	501900154	501901288	501900259	501900327	1134	68	68	0.0599647266313933	1
NA	MT-CYB	501900154	501901288	501900332	501901472	1134	1140	956	0.843033509700176	0.83859649122807
NA	MT-CO1	502100000	502100406	502100000	502101529	406	1529	406	1	0.265533028122956
NA	MT-CO1	502100541	502102098	502100000	502101529	1557	1529	988	0.634553628773282	0.646173969914977
NA	MT-TS1	502100541	502102098	502101530	502101598	1557	68	68	0.0436737315350032	1
NA	MT-TD	502100541	502102098	502101602	502101669	1557	67	67	0.0430314707771355	1
NA	MT-CO2	502100541	502102098	502101670	502102353	1557	683	428	0.274887604367373	0.626647144948756
NA	MT-CO1	502200000	502200436	502200000	502201328	436	1328	436	1	0.328313253012048
NA	MT-CO1	502200512	502201032	502200000	502201328	520	1328	520	1	0.391566265060241
MTND5P10	MT-CO1	502201039	502202847	502200000	502201328	1808	1328	289	0.159845132743363	0.217620481927711
MTND5P10	MT-TS1	502201039	502202847	502201329	502201397	1808	68	68	0.0376106194690266	1
MTND5P10	MT-TD	502201039	502202847	502201401	502201468	1808	67	67	0.0370575221238938	1
MTND5P10	MT-CO2	502201039	502202847	502201469	502202152	1808	683	683	0.377765486725664	1
MTND5P10	MT-TK	502201039	502202847	502202178	502202247	1808	69	69	0.0381637168141593	1
MTND5P10	MT-ATP8	502201039	502202847	502202249	502202455	1808	206	206	0.113938053097345	1
MTND5P10	MT-ATP6	502201039	502202847	502202410	502203090	1808	680	437	0.241703539823009	0.642647058823529
NA	MT-ND3	502203050	502204424	502203942	502204287	1374	345	345	0.251091703056769	1
NA	MT-TR	502203050	502204424	502204288	502204352	1374	64	64	0.0465793304221252	1
NA	MT-ND4L	502203050	502204424	502204353	502204649	1374	296	71	0.0516739446870451	0.239864864864865
NA	MT-ATP6	502203050	502204424	502202410	502203090	1374	680	40	0.0291120815138282	0.0588235294117647
NA	MT-CO3	502203050	502204424	502203090	502203873	1374	783	783	0.569868995633188	1
NA	MT-TG	502203050	502204424	502203874	502203941	1374	67	67	0.0487627365356623	1
NA	MT-ND4L	502204421	502204712	502204353	502204649	291	296	228	0.783505154639175	0.77027027027027
NA	MT-ND4	502204421	502204712	502204643	502206020	291	1377	69	0.237113402061856	0.0501089324618736
NA	MT-ND4L	502204427	502204500	502204353	502204649	73	296	73	1	0.246621621621622
NA	MT-ND4	502204781	502205125	502204643	502206020	344	1377	344	1	0.249818445896877
NA	MT-ND4	502205195	502205978	502204643	502206020	783	1377	783	1	0.568627450980392
MTATP6P2	MT-ND4	502205982	502206659	502204643	502206020	677	1377	38	0.0561299852289513	0.027596223674655
MTATP6P2	MT-TH	502205982	502206659	502206021	502206089	677	68	68	0.100443131462334	1
MTATP6P2	MT-TS2	502205982	502206659	502206090	502206148	677	58	58	0.085672082717873	1
MTATP6P2	MT-TL2	502205982	502206659	502206149	502206219	677	70	70	0.103397341211226	1
MTATP6P2	MT-ND5	502205982	502206659	502206220	502208031	677	1811	439	0.648449039881832	0.24240750966317
NA	MT-ND5	502206921	502207601	502206220	502208031	680	1811	680	1	0.37548315847598
NA	MT-ND5	502207748	502209107	502206220	502208031	1359	1811	283	0.208241353936718	0.156267255659856
NA	MT-ND6	502207748	502209107	502208032	502208556	1359	524	524	0.385577630610743	1
NA	MT-TE	502207748	502209107	502208557	502208625	1359	68	68	0.0500367917586461	1
NA	MT-CYB	502207748	502209107	502208630	502209770	1359	1140	477	0.350993377483444	0.418421052631579
NA	MT-ND3	5.03e+08	503000740	5.03e+08	503000135	740	135	135	0.182432432432432	1
NA	MT-TR	5.03e+08	503000740	503000136	503000200	740	64	64	0.0864864864864865	1
NA	MT-ND4L	5.03e+08	503000740	503000201	503000497	740	296	296	0.4	1
NA	MT-ND4	5.03e+08	503000740	503000491	503001868	740	1377	249	0.336486486486486	0.18082788671024
MTND6P4	MT-ND4	503000814	503001335	503000491	503001868	521	1377	521	1	0.37835875090777
MTND5P11	MT-ND4	503001339	503003150	503000491	503001868	1811	1377	529	0.292103810049696	0.384168482207698
MTND5P11	MT-TH	503001339	503003150	503001869	503001937	1811	68	68	0.037548315847598	1
MTND5P11	MT-TS2	503001339	503003150	503001938	503001996	1811	58	58	0.0320265046935395	1
MTND5P11	MT-TL2	503001339	503003150	503001997	503002067	1811	70	70	0.0386526780784097	1
MTND5P11	MT-ND5	503001339	503003150	503002068	503003879	1811	1811	1082	0.597459966869133	0.597459966869133
MTND4P12	MT-ND5	503003351	503004727	503002068	503003879	1376	1811	528	0.383720930232558	0.29155162893429
MTND4P12	MT-ND6	503003351	503004727	503003880	503004404	1376	524	524	0.380813953488372	1
MTND4P12	MT-TE	503003351	503004727	503004405	503004473	1376	68	68	0.0494186046511628	1
MTND4P12	MT-CYB	503003351	503004727	503004478	503005618	1376	1140	249	0.180959302325581	0.218421052631579
MIR4461	MT-CYB	503004721	503005017	503004478	503005618	296	1140	296	1	0.259649122807018
MIR4461	MT-CYB	503004730	503004803	503004478	503005618	73	1140	73	1	0.0640350877192983
NA	MT-CYB	503005084	503005218	503004478	503005618	134	1140	134	1	0.117543859649123
NA	MT-CO2	600300045	600300509	600300031	600300714	464	683	464	1	0.679355783308931
MTCO3P1	MT-ATP6	600400001	600400832	600400000	600400098	831	98	97	0.116726835138387	0.989795918367347
MTCO3P1	MT-CO3	600400001	600400832	600400098	600400881	831	783	734	0.883273164861613	0.937420178799489
MTRNR2L9	MT-RNR2	600800000	600800526	600800000	600800821	526	821	526	1	0.64068209500609
NA	MT-ATP8	601200090	601200350	601200000	601200135	260	135	45	0.173076923076923	0.333333333333333
NA	MT-ATP6	601200090	601200350	601200090	601200770	260	680	260	1	0.382352941176471
NA	MT-ND2	601300000	601300012	601300000	601300003	12	3	3	0.25	1
NA	MT-TW	601300000	601300012	601300004	601300071	12	67	8	0.666666666666667	0.119402985074627
NA	MT-TA	601300101	601300266	601300079	601300147	165	68	46	0.278787878787879	0.676470588235294
NA	MT-ND4L	601400000	601400161	601400000	601400292	161	292	161	1	0.551369863013699
NA	MT-ND4L	601400119	601400342	601400000	601400292	223	292	173	0.775784753363229	0.592465753424658
NA	MT-CO1	601500000	601500014	601500000	601500931	14	931	14	1	0.0150375939849624
NA	MT-CO1	601500000	601500195	601500000	601500931	195	931	195	1	0.209452201933405
NA	MT-CYB	601600000	601600406	601600000	601600409	406	409	406	1	0.992665036674817
NA	MT-ND1	601700000	601700074	601700000	601700112	74	112	74	1	0.660714285714286
NA	MT-CO1	601800000	601800169	601800000	601801522	169	1522	169	1	0.111038107752957
MTCYBP4	MT-CYB	602200000	602200248	602200000	602200495	248	495	248	1	0.501010101010101
NA	MT-CO2	602600135	602600818	602600135	602600818	683	683	683	1	1
NA	MT-TK	602600894	602601094	602600844	602600913	200	69	19	0.095	0.27536231884058
NA	MT-ATP8	602600894	602601094	602600915	602601121	200	206	179	0.895	0.868932038834951
NA	MT-ATP6	602600894	602601094	602601076	602601756	200	680	18	0.09	0.0264705882352941
NA	MT-ATP8	602601055	602601746	602600915	602601121	691	206	66	0.0955137481910275	0.320388349514563
NA	MT-ATP6	602601055	602601746	602601076	602601756	691	680	670	0.969609261939218	0.985294117647059
NA	MT-ATP6	602601746	602602534	602601076	602601756	788	680	10	0.0126903553299492	0.0147058823529412
NA	MT-CO3	602601746	602602534	602601756	602602539	788	783	778	0.987309644670051	0.993614303959132
NA	MT-ND3	602602605	602602790	602602608	602602953	185	345	182	0.983783783783784	0.527536231884058
NA	MT-TG	602602605	602602790	602602540	602602607	185	67	2	0.0108108108108108	0.0298507462686567
NA	MT-TR	602603017	602603286	602602954	602603018	269	64	1	0.00371747211895911	0.015625
NA	MT-ND4L	602603017	602603286	602603019	602603315	269	296	267	0.992565055762082	0.902027027027027
MTND4P13	MT-ND4L	602603307	602604329	602603019	602603315	1022	296	8	0.00782778864970646	0.027027027027027
MTND4P13	MT-ND4	602603307	602604329	602603309	602604686	1022	1377	1020	0.998043052837573	0.740740740740741
NA	MT-CYB	700200151	700201280	700200039	700201179	1129	1140	1028	0.910540301151461	0.901754385964912
NA	MT-TT	700200151	700201280	700201180	700201245	1129	65	65	0.0575730735163862	1
NA	MT-TP	700200151	700201280	700201248	700201315	1129	67	32	0.0283436669619132	0.477611940298507
NA	MT-ND2	700300000	700300263	700300000	700300771	263	771	263	1	0.341115434500649
NA	MT-ATP6	700700905	700701676	700700226	700700906	771	680	1	0.0012970168612192	0.00147058823529412
NA	MT-CO3	700700905	700701676	700700906	700701689	771	783	770	0.998702983138781	0.983397190293742
MTND4P4	MT-ND4L	700702431	700703796	700702169	700702465	1365	296	34	0.0249084249084249	0.114864864864865
MTND4P4	MT-ND4	700702431	700703796	700702459	700703836	1365	1377	1337	0.979487179487179	0.970951343500363
MTND5P6	MT-TL2	700703999	700705796	700703965	700704035	1797	70	36	0.0200333889816361	0.514285714285714
MTND5P6	MT-ND5	700703999	700705796	700704036	700705847	1797	1811	1760	0.979410127991096	0.971838763114302
NA	MT-TE	700706382	700707387	700706373	700706441	1005	68	59	0.0587064676616915	0.867647058823529
NA	MT-CYB	700706382	700707387	700706446	700707586	1005	1140	941	0.936318407960199	0.825438596491228
NA	MT-CYB	700800000	700800124	700800000	700800138	124	138	124	1	0.898550724637681
MTND1P4	MT-ND1	700900023	700900437	700900000	700900443	414	443	414	1	0.934537246049661
MTND2P6	MT-TM	700900647	700901676	700900583	700900650	1029	67	3	0.00291545189504373	0.0447761194029851
MTND2P6	MT-ND2	700900647	700901676	700900651	700901692	1029	1041	1025	0.996112730806608	0.984630163304515
NA	MT-CO1	700902127	700904375	700902085	700903626	2248	1541	1499	0.666814946619217	0.972744970798183
NA	MT-TS1	700902127	700904375	700903627	700903695	2248	68	68	0.0302491103202847	1
NA	MT-TD	700902127	700904375	700903699	700903766	2248	67	67	0.0298042704626335	1
NA	MT-CO2	700902127	700904375	700903767	700904450	2248	683	608	0.270462633451957	0.890190336749634
NA	MT-ATP6	700905376	700906162	700904708	700905388	786	680	12	0.0152671755725191	0.0176470588235294
NA	MT-CO3	700905376	700906162	700905388	700906171	786	783	774	0.984732824427481	0.988505747126437
MTND4P5	MT-ND4L	700906929	700908303	700906651	700906947	1374	296	18	0.0131004366812227	0.0608108108108108
MTND4P5	MT-ND4	700906929	700908303	700906941	700908318	1374	1377	1362	0.991266375545852	0.989106753812636
MTND5P7	MT-TL2	700908492	700910289	700908447	700908517	1797	70	25	0.0139120756816917	0.357142857142857
MTND5P7	MT-ND5	700908492	700910289	700908518	700910329	1797	1811	1771	0.985531441291041	0.977912755383766
NA	MT-TE	700910873	700912007	700910855	700910923	1134	68	50	0.0440917107583774	0.735294117647059
NA	MT-CYB	700910873	700912007	700910928	700912068	1134	1140	1079	0.951499118165785	0.946491228070175
MTND4P2	MT-ATP6	701200000	701201201	701200000	701200545	1201	545	545	0.453788509575354	1
MTND4P2	MT-CO3	701200000	701201201	701200545	701201328	1201	783	656	0.546211490424646	0.837803320561941
NA	MT-ND3	701201198	701201482	701201397	701201742	284	345	85	0.299295774647887	0.246376811594203
NA	MT-CO3	701201198	701201482	701200545	701201328	284	783	130	0.457746478873239	0.16602809706258
NA	MT-TG	701201198	701201482	701201329	701201396	284	67	67	0.235915492957746	1
MTND3P2	MT-ND3	701201560	701201901	701201397	701201742	341	345	182	0.533724340175953	0.527536231884058
MTND3P2	MT-TR	701201560	701201901	701201743	701201807	341	64	64	0.187683284457478	1
MTND3P2	MT-ND4L	701201560	701201901	701201808	701202104	341	296	93	0.272727272727273	0.314189189189189
NA	MT-ND4L	701201971	701202725	701201808	701202104	754	296	133	0.176392572944297	0.449324324324324
NA	MT-ND4	701201971	701202725	701202098	701203475	754	1377	627	0.831564986737401	0.455337690631808
NA	MT-ND4	701202728	701203478	701202098	701203475	750	1377	747	0.996	0.542483660130719
NA	MT-ND1	701300000	701300115	701300000	701300832	115	832	115	1	0.138221153846154
NA	MT-ND1	701300372	701301029	701300000	701300832	657	832	460	0.700152207001522	0.552884615384615
NA	MT-TI	701300372	701301029	701300833	701300901	657	68	68	0.103500761035008	1
NA	MT-TQ	701300372	701301029	701300899	701300970	657	71	71	0.10806697108067	1
NA	MT-TM	701300372	701301029	701300972	701301039	657	67	57	0.0867579908675799	0.850746268656716
NA	MT-ND2	701301168	701302690	701301040	701302081	1522	1041	913	0.599868593955322	0.877041306436119
NA	MT-TW	701301168	701302690	701302082	701302149	1522	67	67	0.0440210249671485	1
NA	MT-TA	701301168	701302690	701302157	701302225	1522	68	68	0.0446780551905388	1
NA	MT-TN	701301168	701302690	701302227	701302299	1522	72	72	0.0473061760840999	1
NA	MT-TC	701301168	701302690	701302331	701302396	1522	65	65	0.0427069645203679	1
NA	MT-TY	701301168	701302690	701302396	701302461	1522	65	65	0.0427069645203679	1
NA	MT-CO1	701301168	701302690	701302474	701304015	1522	1541	216	0.1419185282523	0.140168721609345
MTND2P4	MT-CO1	701303090	701304093	701302474	701304015	1003	1541	925	0.922233300099701	0.600259571706684
MTND2P4	MT-TS1	701303090	701304093	701304016	701304084	1003	68	68	0.0677966101694915	1
MTND2P4	MT-TD	701303090	701304093	701304088	701304155	1003	67	5	0.00498504486540379	0.0746268656716418
MTND1P2	MT-CO2	701304295	701305115	701304156	701304839	820	683	544	0.663414634146341	0.796486090775988
MTND1P2	MT-TK	701304295	701305115	701304865	701304934	820	69	69	0.0841463414634146	1
MTND1P2	MT-ATP8	701304295	701305115	701304936	701305142	820	206	179	0.218292682926829	0.868932038834951
MTND1P2	MT-ATP6	701304295	701305115	701305097	701305777	820	680	18	0.0219512195121951	0.0264705882352941
NA	MT-ATP6	701500000	701500187	701500000	701500190	187	190	187	1	0.984210526315789
NA	MT-ATP6	701500190	701500517	701500000	701500190	327	190	0	0	0
NA	MT-CO3	701500190	701500517	701500190	701500973	327	783	327	1	0.417624521072797
NA	MT-CO1	701600001	701600514	701600000	701600264	513	264	263	0.512670565302144	0.996212121212121
NA	MT-CO1	701700000	701700136	701700000	701700142	136	142	136	1	0.957746478873239
MTND4P3	MT-ND4	701800000	701800539	701800000	701800830	539	830	539	1	0.649397590361446
MTND4P3	MT-ND4	701900000	701900281	701900000	701901011	281	1011	281	1	0.277942631058358
NA	MT-CO2	702200106	702200786	702200071	702200754	680	683	648	0.952941176470588	0.948755490483163
NA	MT-TK	702200106	702200786	702200780	702200849	680	69	6	0.00882352941176471	0.0869565217391304
NA	MT-CO1	702300094	702301892	702300000	702300897	1798	897	803	0.446607341490545	0.89520624303233
NA	MT-TS1	702300094	702301892	702300898	702300966	1798	68	68	0.0378197997775306	1
NA	MT-TD	702300094	702301892	702300970	702301037	1798	67	67	0.0372636262513904	1
NA	MT-TW	702400000	702400609	702400000	702400066	609	66	66	0.108374384236453	1
NA	MT-TA	702400000	702400609	702400074	702400142	609	68	68	0.111658456486043	1
NA	MT-TN	702400000	702400609	702400144	702400216	609	72	72	0.118226600985222	1
NA	MT-TC	702400000	702400609	702400248	702400313	609	65	65	0.106732348111658	1
NA	MT-TY	702400000	702400609	702400313	702400378	609	65	65	0.106732348111658	1
NA	MT-CO1	702400000	702400609	702400391	702401932	609	1541	218	0.357963875205255	0.141466580142764
MTND5P8	MT-ND5	702700001	702701083	702700000	702701083	1082	1083	1082	1	0.999076638965836
NA	MT-ND6	702701087	702701604	702701084	702701608	517	524	517	1	0.986641221374046
NA	MT-CYB	702701678	702702783	702701682	702702822	1105	1140	1101	0.996380090497738	0.965789473684211
MTND4P6	MT-ND4	7.03e+08	703000454	7.03e+08	703001089	454	1089	454	1	0.416896235078053
NA	MT-CYB	703100000	703100135	703100000	703100309	135	309	135	1	0.436893203883495
NA	MT-ND5	703400000	703400172	703400000	703401586	172	1586	172	1	0.108448928121059
NA	MT-TL1	703500000	703500722	703500000	703500012	722	12	12	0.0166204986149584	1
NA	MT-ND1	703500000	703500722	703500015	703500970	722	955	707	0.979224376731302	0.740314136125654
MTND2P5	MT-TM	703501145	703502150	703501110	703501177	1005	67	32	0.0318407960199005	0.477611940298507
MTND2P5	MT-ND2	703501145	703502150	703501178	703502219	1005	1041	972	0.967164179104478	0.93371757925072
MTND1P3	MT-TN	703502364	703503315	703502365	703502437	951	72	72	0.0757097791798107	1
MTND1P3	MT-TC	703502364	703503315	703502469	703502534	951	65	65	0.0683491062039958	1
MTND1P3	MT-TY	703502364	703503315	703502534	703502599	951	65	65	0.0683491062039958	1
MTND1P3	MT-CO1	703502364	703503315	703502612	703504153	951	1541	703	0.739221871713985	0.45619727449708
MTRNR2L6	MT-TV	703801092	703802538	703801025	703801093	1446	68	1	0.000691562932226833	0.0147058823529412
MTRNR2L6	MT-RNR2	703801092	703802538	703801094	703802652	1446	1558	1444	0.998616874135546	0.926829268292683
NA	MT-ND6	704300002	704300163	704300000	704300340	161	340	161	1	0.473529411764706
MTND4P7	MT-ND4	800100004	800100133	800100000	800101073	129	1073	129	1	0.12022367194781
NA	MT-ND3	800300008	800300289	800300000	800300072	281	72	64	0.227758007117438	0.888888888888889
NA	MT-TR	800300008	800300289	800300073	800300137	281	64	64	0.227758007117438	1
NA	MT-ND4L	800300008	800300289	800300138	800300434	281	296	151	0.537366548042705	0.510135135135135
NA	MT-ATP6	800500005	800500209	800500000	800500541	204	541	204	1	0.377079482439926
NA	MT-ND6	800700000	800700250	800700000	800700150	250	150	150	0.6	1
NA	MT-TE	800700000	800700250	800700151	800700219	250	68	68	0.272	1
NA	MT-CYB	800700000	800700250	800700224	800701364	250	1140	26	0.104	0.0228070175438597
NA	MT-CYB	800700321	800700470	800700224	800701364	149	1140	149	1	0.130701754385965
MTND1P6	MT-RNR2	801102631	801103576	801101090	801102648	945	1558	17	0.017989417989418	0.0109114249037227
MTND1P6	MT-TL1	801102631	801103576	801102649	801102723	945	74	74	0.0783068783068783	1
MTND1P6	MT-ND1	801102631	801103576	801102726	801103681	945	955	850	0.899470899470899	0.890052356020942
MTND2P32	MT-TQ	801103811	801105593	801103748	801103819	1782	71	8	0.00448933782267116	0.112676056338028
MTND2P32	MT-TM	801103811	801105593	801103821	801103888	1782	67	67	0.0375982042648709	1
MTND2P32	MT-ND2	801103811	801105593	801103889	801104930	1782	1041	1041	0.584175084175084	1
MTND2P32	MT-ND2	801200000	801200382	801200000	801200402	382	402	382	1	0.950248756218905
NA	MT-ND5	801300153	801301276	801300000	801300212	1123	212	59	0.0525378450578807	0.278301886792453
NA	MT-ND6	801300153	801301276	801300213	801300737	1123	524	524	0.466607301869991	1
NA	MT-TE	801300153	801301276	801300738	801300806	1123	68	68	0.0605520926090828	1
NA	MT-CYB	801300153	801301276	801300811	801301951	1123	1140	465	0.41406945681211	0.407894736842105
MTND6P19	MT-CYB	801301350	801301873	801300811	801301951	523	1140	523	1	0.458771929824561
NA	MT-CYB	801301881	801302086	801300811	801301951	205	1140	70	0.341463414634146	0.0614035087719298
NA	MT-TT	801301881	801302086	801301952	801302017	205	65	65	0.317073170731707	1
NA	MT-TP	801301881	801302086	801302020	801302087	205	67	66	0.321951219512195	0.985074626865672
MTND1P7	MT-ND1	801700000	801701171	801700000	801700016	1171	16	16	0.013663535439795	1
MTND1P7	MT-TI	801700000	801701171	801700017	801700085	1171	68	68	0.0580700256191289	1
MTND1P7	MT-TQ	801700000	801701171	801700083	801700154	1171	71	71	0.0606319385140905	1
MTND1P7	MT-TM	801700000	801701171	801700156	801700223	1171	67	67	0.0572160546541418	1
MTND1P7	MT-ND2	801700000	801701171	801700224	801701265	1171	1041	947	0.808710503842869	0.909702209414025
MTND1P7	MT-RNR1	801800000	801800207	801800000	801800945	207	945	207	1	0.219047619047619
RNU6-656P	MT-ND1	801802848	801802954	801802651	801803606	106	955	106	1	0.110994764397906
NA	MT-CYB	802000708	802001836	802000323	802001463	1128	1140	755	0.669326241134752	0.662280701754386
NA	MT-TT	802000708	802001836	802001464	802001529	1128	65	65	0.0576241134751773	1
NA	MT-TP	802000708	802001836	802001532	802001599	1128	67	67	0.0593971631205674	1
MTND1P5	MT-ND1	803600886	803601825	803600862	803601817	939	955	931	0.991480298189563	0.974869109947644
MTND1P5	MT-TI	803600886	803601825	803601818	803601886	939	68	7	0.00745473908413206	0.102941176470588
NA	MT-CO1	803800381	803802256	803800388	803801929	1875	1541	1541	0.821866666666667	1
NA	MT-CO1	803900000	803901245	803900000	803901351	1245	1351	1245	1	0.921539600296077
NA	MT-ND2	804100019	804101289	804100000	804100422	1270	422	403	0.317322834645669	0.954976303317536
NA	MT-TW	804100019	804101289	804100423	804100490	1270	67	67	0.052755905511811	1
NA	MT-TA	804100019	804101289	804100498	804100566	1270	68	68	0.0535433070866142	1
NA	MT-TN	804100019	804101289	804100568	804100640	1270	72	72	0.0566929133858268	1
NA	MT-TC	804100019	804101289	804100672	804100737	1270	65	65	0.0511811023622047	1
NA	MT-TY	804100019	804101289	804100737	804100802	1270	65	65	0.0511811023622047	1
NA	MT-CO1	804100019	804101289	804100815	804102356	1270	1541	474	0.373228346456693	0.307592472420506
MTND2P7	MT-ND2	804600004	804600643	804600000	804600647	639	647	639	1	0.987635239567233
NA	MT-CO1	804601038	804601839	804601040	804602581	801	1541	799	0.997503121098627	0.518494484101233
MTND6P5	MT-ND5	900100026	900100537	900100000	900100444	511	444	418	0.818003913894325	0.941441441441441
MTND6P5	MT-ND6	900100026	900100537	900100445	900100969	511	524	92	0.180039138943249	0.175572519083969
MTND1P11	MT-ND1	900202052	900202927	900202021	900202976	875	955	875	1	0.916230366492147
NA	MT-TY	900204579	900206106	900204540	900204605	1527	65	26	0.0170268500327439	0.4
NA	MT-CO1	900204579	900206106	900204618	900206159	1527	1541	1488	0.974459724950884	0.965606748864374
NA	MT-TD	900206254	900207238	900206232	900206299	984	67	45	0.0457317073170732	0.671641791044776
NA	MT-CO2	900206254	900207238	900206300	900206983	984	683	683	0.694105691056911	1
NA	MT-CO2	900300000	900300329	900300000	900300337	329	337	329	1	0.976261127596439
NA	MT-ATP8	900300564	900301233	900300434	900300640	669	206	76	0.113602391629297	0.368932038834951
NA	MT-ATP6	900300564	900301233	900300595	900301275	669	680	638	0.953662182361734	0.938235294117647
NA	MT-ATP6	900301240	900302013	900300595	900301275	773	680	35	0.0452781371280724	0.0514705882352941
NA	MT-CO3	900301240	900302013	900301275	900302058	773	783	738	0.954721862871928	0.942528735632184
MTND4P14	MT-ND4	900400891	900402244	900400879	900402256	1353	1377	1353	1	0.982570806100218
MTND5P14	MT-TL2	900402450	900403716	900402385	900402455	1266	70	5	0.00394944707740916	0.0714285714285714
MTND5P14	MT-ND5	900402450	900403716	900402456	900404267	1266	1811	1260	0.995260663507109	0.695748205411375
MTND1P12	MT-ND1	901100000	901100148	901100000	901100514	148	514	148	1	0.287937743190661
NA	MT-ND1	901400000	901400197	901400000	901400514	197	514	197	1	0.383268482490272
MTND2P8	MT-ND2	901700709	901701733	901700074	901701115	1024	1041	406	0.396484375	0.390009606147935
MTND2P8	MT-TW	901700709	901701733	901701116	901701183	1024	67	67	0.0654296875	1
MTND2P8	MT-TA	901700709	901701733	901701191	901701259	1024	68	68	0.06640625	1
MTND2P8	MT-TN	901700709	901701733	901701261	901701333	1024	72	72	0.0703125	1
MTND2P8	MT-TC	901700709	901701733	901701365	901701430	1024	65	65	0.0634765625	1
MTND2P8	MT-TY	901700709	901701733	901701430	901701495	1024	65	65	0.0634765625	1
MTND2P8	MT-CO1	901700709	901701733	901701508	901703049	1024	1541	225	0.2197265625	0.146009085009734
NA	MT-ND2	902200017	902201076	902200000	902200898	1059	898	881	0.831916902738432	0.981069042316258
NA	MT-TW	902200017	902201076	902200899	902200966	1059	67	67	0.0632672332389046	1
NA	MT-TA	902200017	902201076	902200974	902201042	1059	68	68	0.0642115203021719	1
NA	MT-TN	902200017	902201076	902201044	902201116	1059	72	32	0.0302171860245515	0.444444444444444
MTND2P9	MT-CO1	902201478	902202408	902201291	902202832	930	1541	930	1	0.603504218040234
NA	MT-ATP6	902300003	902300678	902300000	902300098	675	98	95	0.140740740740741	0.969387755102041
NA	MT-CO3	902300003	902300678	902300098	902300881	675	783	580	0.859259259259259	0.740740740740741
NA	MT-ATP6	902500000	902500071	902500000	902500098	71	98	71	1	0.724489795918367
NA	MT-ATP6	902500095	902501177	902500000	902500098	1082	98	3	0.00277264325323475	0.0306122448979592
NA	MT-CO3	902500095	902501177	902500098	902500881	1082	783	783	0.72365988909427	1
NA	MT-CO3	902600000	902600109	902600000	902600110	109	110	109	1	0.990909090909091
NA	MT-ND3	902600182	902600528	902600179	902600524	346	345	342	0.988439306358382	0.991304347826087
NA	MT-TR	902600182	902600528	902600525	902600589	346	64	3	0.00867052023121387	0.046875
NA	MT-TR	902600589	902600882	902600525	902600589	293	64	0	0	0
NA	MT-ND4L	902600589	902600882	902600590	902600886	293	296	292	0.996587030716723	0.986486486486487
NA	MT-ND4	902600589	902600882	902600880	902602257	293	1377	2	0.0068259385665529	0.00145243282498184
MTND4P15	MT-ND4L	902600879	902601911	902600590	902600886	1032	296	7	0.00678294573643411	0.0236486486486486
MTND4P15	MT-ND4	902600879	902601911	902600880	902602257	1032	1377	1031	0.999031007751938	0.748729121278141
NA	MT-ND2	902700000	902700121	902700000	902700084	121	84	84	0.694214876033058	1
NA	MT-TW	902700000	902700121	902700085	902700152	121	67	36	0.297520661157025	0.537313432835821
MTND3P4	MT-ND3	902900000	902900302	902900121	902900466	302	345	181	0.599337748344371	0.52463768115942
MTND3P4	MT-CO3	902900000	902900302	902900000	902900052	302	52	52	0.172185430463576	1
MTND3P4	MT-TG	902900000	902900302	902900053	902900120	302	67	67	0.221854304635762	1
NA	MT-ND5	903000007	903000189	9.03e+08	903000312	182	312	182	1	0.583333333333333
MTND2P11	MT-ND2	903100000	903100943	903100000	903100647	943	647	647	0.68610816542948	1
MTND2P11	MT-ND2	903200000	903200308	903200000	903200342	308	342	308	1	0.900584795321637
MTND2P16	MT-ND2	1000400305	1000401103	1000400283	1000401324	798	1041	798	1	0.76657060518732
MTND1P21	MT-ND1	1000500003	1000500287	1000500000	1000500586	284	586	284	1	0.484641638225256
NA	MT-CO3	1000600004	1000600189	1000600000	1000600367	185	367	185	1	0.50408719346049
MTND5P17	MT-ND4	1001300006	1001301608	1001300000	1001300480	1602	480	474	0.295880149812734	0.9875
MTND5P17	MT-TH	1001300006	1001301608	1001300481	1001300549	1602	68	68	0.0424469413233458	1
MTND5P17	MT-TS2	1001300006	1001301608	1001300550	1001300608	1602	58	58	0.0362047440699126	1
MTND5P17	MT-TL2	1001300006	1001301608	1001300609	1001300679	1602	70	70	0.0436953807740325	1
MTND5P17	MT-ND5	1001300006	1001301608	1001300680	1001302491	1602	1811	928	0.579275905118602	0.512424075096632
MTND4P18	MT-ND5	1001301834	1001302298	1001300680	1001302491	464	1811	464	1	0.256212037548316
MTND1P18	MT-RNR2	1001400000	1001400571	1001400000	1001401528	571	1528	571	1	0.37369109947644
MTRNR2L7	MT-RNR2	1001400641	1001402134	1001400000	1001401528	1493	1528	887	0.59410582719357	0.580497382198953
MTRNR2L7	MT-TL1	1001400641	1001402134	1001401529	1001401603	1493	74	74	0.0495646349631614	1
MTRNR2L7	MT-ND1	1001400641	1001402134	1001401606	1001402561	1493	955	528	0.3536503683858	0.552879581151832
MTRNR2L5	MT-RNR2	1002001172	1002002910	1002001094	1002002652	1738	1558	1480	0.851553509781358	0.949935815147625
MTRNR2L5	MT-RNR2	1002100000	1002100355	1002100000	1002100428	355	428	355	1	0.829439252336449
NA	MT-ND2	1002300001	1002300476	1002300000	1002300039	475	39	38	0.08	0.974358974358974
NA	MT-TW	1002300001	1002300476	1002300040	1002300107	475	67	67	0.141052631578947	1
NA	MT-TA	1002300001	1002300476	1002300115	1002300183	475	68	68	0.143157894736842	1
NA	MT-TN	1002300001	1002300476	1002300185	1002300257	475	72	72	0.151578947368421	1
NA	MT-TC	1002300001	1002300476	1002300289	1002300354	475	65	65	0.136842105263158	1
NA	MT-TY	1002300001	1002300476	1002300354	1002300419	475	65	65	0.136842105263158	1
NA	MT-CO1	1002300001	1002300476	1002300432	1002301973	475	1541	44	0.0926315789473684	0.0285528877352369
NA	MT-CO1	1002300704	1002301383	1002300432	1002301973	679	1541	679	1	0.440622972096042
NA	MT-CO1	1002301527	1002303052	1002300432	1002301973	1525	1541	446	0.292459016393443	0.289422452952628
NA	MT-TS1	1002301527	1002303052	1002301974	1002302042	1525	68	68	0.0445901639344262	1
NA	MT-TD	1002301527	1002303052	1002302046	1002302113	1525	67	67	0.0439344262295082	1
NA	MT-CO2	1002301527	1002303052	1002302114	1002302797	1525	683	683	0.447868852459016	1
NA	MT-TK	1002301527	1002303052	1002302823	1002302892	1525	69	69	0.0452459016393443	1
NA	MT-ATP8	1002301527	1002303052	1002302894	1002303100	1525	206	158	0.103606557377049	0.766990291262136
MTND2P15	MT-ND2	1002400022	1002400913	1002400000	1002401008	891	1008	891	1	0.883928571428571
MTND1P20	MT-ND1	1002500229	1002501178	1002500014	1002500969	949	955	740	0.779768177028451	0.774869109947644
MTND1P20	MT-TI	1002500229	1002501178	1002500970	1002501038	949	68	68	0.071654373024236	1
MTND1P20	MT-TQ	1002500229	1002501178	1002501036	1002501107	949	71	71	0.0748155953635406	1
MTND1P20	MT-TM	1002500229	1002501178	1002501109	1002501176	949	67	67	0.0706006322444679	1
MTND1P20	MT-ND2	1002500229	1002501178	1002501177	1002502218	949	1041	1	0.00105374077976818	0.000960614793467819
MTND4P19	MT-ND4	1002800000	1002800461	1002800000	1002800828	461	828	461	1	0.556763285024155
MTND4P20	MT-ND4	1002900000	1002900862	1002900000	1002900828	862	828	828	0.960556844547564	1
MTND4P20	MT-TH	1002900000	1002900862	1002900829	1002900897	862	68	33	0.0382830626450116	0.485294117647059
MIR4484	MT-TC	1003400000	1003400024	1003400017	1003400082	24	65	7	0.291666666666667	0.107692307692308
MTRNR2L8	MT-TV	1100200000	1100201289	1100201025	1100201093	1289	68	68	0.0527540729247479	1
MTRNR2L8	MT-RNR2	1100200000	1100201289	1100201094	1100202652	1289	1558	195	0.151280062063615	0.125160462130937
MTRNR2L8	MT-TF	1100200000	1100201289	1100200000	1100200070	1289	70	70	0.0543056633048875	1
MTRNR2L8	MT-RNR1	1100200000	1100201289	1100200071	1100201024	1289	953	953	0.73933281613654	1
NA	MT-CO1	1101300000	1101300159	1101300000	1101300803	159	803	159	1	0.198007471980075
NA	MT-ND4L	1101700652	1101700942	1101700650	1101700946	290	296	290	1	0.97972972972973
NA	MT-ND4	1101700652	1101700942	1101700940	1101702317	290	1377	2	0.00689655172413793	0.00145243282498184
NA	MT-ND6	1101704336	1101704851	1101704329	1101704853	515	524	515	1	0.982824427480916
NA	MT-ND6	1102000002	1102001124	1.102e+09	1102000259	1122	259	257	0.229055258467023	0.992277992277992
NA	MT-TE	1102000002	1102001124	1102000260	1102000328	1122	68	68	0.0606060606060606	1
NA	MT-CYB	1102000002	1102001124	1102000333	1102001473	1122	1140	791	0.704991087344028	0.693859649122807
NA	MT-CYB	1102001191	1102001491	1102000333	1102001473	300	1140	282	0.94	0.247368421052632
MTND1P35	MT-ND1	1102100000	1102100506	1102100000	1102100881	506	881	506	1	0.574347332576618
NA	MT-RNR2	1102400000	1102400570	1102400000	1102401172	570	1172	570	1	0.486348122866894
NA	MT-RNR2	1102400572	1102401406	1102400000	1102401172	834	1172	600	0.719424460431655	0.511945392491468
NA	MT-TL1	1102400572	1102401406	1102401173	1102401247	834	74	74	0.0887290167865707	1
NA	MT-ND1	1102400572	1102401406	1102401250	1102402205	834	955	156	0.18705035971223	0.163350785340314
NA	MT-ND1	1102401496	1102402151	1102401250	1102402205	655	955	655	1	0.68586387434555
NA	MT-TQ	1102402293	1102403818	1102402272	1102402343	1525	71	50	0.0327868852459016	0.704225352112676
NA	MT-TM	1102402293	1102403818	1102402345	1102402412	1525	67	67	0.0439344262295082	1
NA	MT-ND2	1102402293	1102403818	1102402413	1102403454	1525	1041	1041	0.682622950819672	1
NA	MT-TW	1102402293	1102403818	1102403455	1102403522	1525	67	67	0.0439344262295082	1
NA	MT-TA	1102402293	1102403818	1102403530	1102403598	1525	68	68	0.0445901639344262	1
NA	MT-TN	1102402293	1102403818	1102403600	1102403672	1525	72	72	0.0472131147540984	1
NA	MT-TC	1102402293	1102403818	1102403704	1102403769	1525	65	65	0.0426229508196721	1
NA	MT-TY	1102402293	1102403818	1102403769	1102403834	1525	65	49	0.0321311475409836	0.753846153846154
MTND2P26	MT-CO1	1102404197	1102405225	1102403847	1102405388	1028	1541	1028	1	0.667099286177807
MTND1P36	MT-TS1	1102405425	1102406360	1102405389	1102405457	935	68	32	0.0342245989304813	0.470588235294118
MTND1P36	MT-TD	1102405425	1102406360	1102405461	1102405528	935	67	67	0.0716577540106952	1
MTND1P36	MT-CO2	1102405425	1102406360	1102405529	1102406212	935	683	683	0.73048128342246	1
MTND1P36	MT-TK	1102405425	1102406360	1102406238	1102406307	935	69	69	0.0737967914438503	1
MTND1P36	MT-ATP8	1102405425	1102406360	1102406309	1102406515	935	206	51	0.0545454545454545	0.247572815533981
NA	MT-CYB	1102600002	1102600185	1102600000	1102600435	183	435	183	1	0.420689655172414
NA	MT-CO1	1200900000	1200900221	1200900000	1200901309	221	1309	221	1	0.168831168831169
NA	MT-CO1	1201300000	1201300373	1201300000	1201300806	373	806	373	1	0.462779156327543
MTND2P17	MT-ND1	1201500000	1201500624	1201500000	1201500886	624	886	624	1	0.704288939051919
MTND1P24	MT-ND1	1201500833	1201501693	1201500000	1201500886	860	886	53	0.0616279069767442	0.0598194130925508
MTND1P24	MT-TI	1201500833	1201501693	1201500887	1201500955	860	68	68	0.0790697674418605	1
MTND1P24	MT-TQ	1201500833	1201501693	1201500953	1201501024	860	71	71	0.0825581395348837	1
MTND1P24	MT-TM	1201500833	1201501693	1201501026	1201501093	860	67	67	0.077906976744186	1
MTND1P24	MT-ND2	1201500833	1201501693	1201501094	1201502135	860	1041	599	0.696511627906977	0.575408261287224
MTND3P1	MT-ND3	1300100000	1300100149	1300100000	1300100320	149	320	149	1	0.465625
MTCO3P2	MT-CO3	1300300000	1300300170	1300300000	1300300636	170	636	170	1	0.267295597484277
MTCO2P3	MT-CO2	1301200000	1301200418	1301200000	1301200454	418	454	418	1	0.920704845814978
MTND4P1	MT-ND4	1301400000	1301401312	1301400000	1301401231	1312	1231	1231	0.938262195121951	1
MTND4P1	MT-TH	1301400000	1301401312	1301401232	1301401300	1312	68	68	0.0518292682926829	1
MTND4P1	MT-TS2	1301400000	1301401312	1301401301	1301401359	1312	58	11	0.00838414634146342	0.189655172413793
MTND5P3	MT-ND5	1301401469	1301403659	1301401431	1301403242	2190	1811	1773	0.80958904109589	0.979017117614578
MTND5P3	MT-ND5	1301500000	1301501358	1301500000	1301501361	1358	1361	1358	1	0.997795738427627
MTND5P2	MT-ND5	1301700000	1301701431	1301700000	1301701097	1431	1097	1097	0.76659678546471	1
MTND5P2	MT-ND5	1301800000	1301800850	1301800000	1301800821	850	821	821	0.965882352941177	1
MTND5P2	MT-ND6	1301800000	1301800850	1301800822	1301801346	850	524	28	0.0329411764705882	0.0534351145038168
MTND6P18	MT-ND6	1301800861	1301801373	1301800822	1301801346	512	524	485	0.947265625	0.925572519083969
MTND6P18	MT-TE	1301800861	1301801373	1301801347	1301801415	512	68	26	0.05078125	0.382352941176471
MTCYBP3	MT-CYB	1301801447	1301802583	1301801420	1301802560	1136	1140	1113	0.979753521126761	0.976315789473684
MTCYBP3	MT-TT	1301801447	1301802583	1301802561	1301802626	1136	65	22	0.0193661971830986	0.338461538461538
NA	MT-TA	1400200000	1400200702	1400200004	1400200072	702	68	68	0.0968660968660969	1
NA	MT-TN	1400200000	1400200702	1400200074	1400200146	702	72	72	0.102564102564103	1
NA	MT-TC	1400200000	1400200702	1400200178	1400200243	702	65	65	0.0925925925925926	1
NA	MT-TY	1400200000	1400200702	1400200243	1400200308	702	65	65	0.0925925925925926	1
NA	MT-CO1	1400200000	1400200702	1400200321	1400201862	702	1541	381	0.542735042735043	0.247242050616483
NA	MT-ND4	1400600000	1400600763	1400600000	1400600770	763	770	763	1	0.990909090909091
NA	MT-TL2	1400600948	1400602667	1400600899	1400600969	1719	70	21	0.012216404886562	0.3
NA	MT-ND5	1400700000	1400701706	1400700000	1400701721	1706	1721	1706	1	0.991284137129576
NA	MT-CYB	1400800410	1400801079	1400800414	1400801554	669	1140	665	0.994020926756353	0.583333333333333
NA	MT-ATP6	1400900000	1400900112	1400900000	1400900489	112	489	112	1	0.229038854805726
NA	MT-CO3	1500100000	1500100337	1500100000	1500100336	337	336	336	0.997032640949555	1
NA	MT-TG	1500100000	1500100337	1500100337	1500100404	337	67	0	0	0
NA	MT-ND1	1500300000	1500300202	1500300000	1500300463	202	463	202	1	0.436285097192225
NA	MT-ND4	1500500000	1500501444	1500500000	1500500453	1444	453	453	0.313711911357341	1
NA	MT-TH	1500500000	1500501444	1500500454	1500500522	1444	68	68	0.0470914127423823	1
NA	MT-TS2	1500500000	1500501444	1500500523	1500500581	1444	58	58	0.0401662049861496	1
NA	MT-TL2	1500500000	1500501444	1500500582	1500500652	1444	70	70	0.0484764542936288	1
NA	MT-ND5	1500500000	1500501444	1500500653	1500502464	1444	1811	791	0.547783933518006	0.43677526228603
NA	MT-ND5	1500700000	1500700208	1500700000	1500701168	208	1168	208	1	0.178082191780822
NA	MT-CO3	1.501e+09	1501000267	1.501e+09	1501000270	267	270	267	1	0.988888888888889
NA	MT-ND3	1501000339	1501000666	1501000339	1501000684	327	345	327	1	0.947826086956522
NA	MT-TR	1501000737	1501002217	1501000685	1501000749	1480	64	12	0.00810810810810811	0.1875
NA	MT-ND4L	1501000737	1501002217	1501000750	1501001046	1480	296	296	0.2	1
NA	MT-ND4	1501000737	1501002217	1501001040	1501002417	1480	1377	1177	0.79527027027027	0.854756717501816
NA	MT-ND4	1501100000	1501100909	1501100000	1501100909	909	909	909	1	1
NA	MT-TS2	1501101002	1501102803	1501100979	1501101037	1801	58	35	0.0194336479733481	0.603448275862069
NA	MT-ND5	1501200000	1501201675	1501200000	1501201683	1675	1683	1675	1	0.995246583481878
NA	MT-TE	1501202228	1501203329	1501202209	1501202277	1101	68	49	0.0445049954586739	0.720588235294118
NA	MT-CYB	1501202228	1501203329	1501202282	1501203422	1101	1140	1047	0.950953678474114	0.918421052631579
NA	MT-CO1	1600100236	1600101763	1600100049	1600101590	1527	1541	1354	0.886705959397512	0.878650227125243
NA	MT-TS1	1600100236	1600101763	1600101591	1600101659	1527	68	68	0.0445317616240995	1
NA	MT-TD	1600100236	1600101763	1600101663	1600101730	1527	67	67	0.0438768827766863	1
NA	MT-CO2	1600100236	1600101763	1600101731	1600102414	1527	683	32	0.0209561231172233	0.0468521229868228
NA	MT-RNR2	1600200339	1600201288	1600200000	1600200406	949	406	67	0.0706006322444679	0.165024630541872
NA	MT-TL1	1600200339	1600201288	1600200407	1600200481	949	74	74	0.0779768177028451	1
NA	MT-ND1	1600200339	1600201288	1600200484	1600201439	949	955	804	0.847207586933614	0.841884816753927
MTRNR2L4	MT-ND1	1600201435	1600202665	1600200484	1600201439	1230	955	4	0.0032520325203252	0.00418848167539267
MTRNR2L4	MT-TI	1600201435	1600202665	1600201440	1600201508	1230	68	68	0.0552845528455285	1
MTRNR2L4	MT-TQ	1600201435	1600202665	1600201506	1600201577	1230	71	71	0.0577235772357724	1
MTRNR2L4	MT-TM	1600201435	1600202665	1600201579	1600201646	1230	67	67	0.0544715447154472	1
MTRNR2L4	MT-ND2	1600201435	1600202665	1600201647	1600202688	1230	1041	1018	0.827642276422764	0.97790585975024
MTRNR2L4	MT-RNR2	1600300000	1600300567	1600300000	1600301034	567	1034	567	1	0.548355899419729
NA	MT-ND6	1600600150	1600601279	1600600000	1600600181	1129	181	31	0.0274579273693534	0.171270718232044
NA	MT-TE	1600600150	1600601279	1600600182	1600600250	1129	68	68	0.0602302922940655	1
NA	MT-CYB	1600600150	1600601279	1600600255	1600601395	1129	1140	1024	0.906997342781222	0.898245614035088
NA	MT-CYB	1600601350	1600601532	1600600255	1600601395	182	1140	45	0.247252747252747	0.0394736842105263
NA	MT-TT	1600601350	1600601532	1600601396	1600601461	182	65	65	0.357142857142857	1
NA	MT-TP	1600601350	1600601532	1600601464	1600601531	182	67	67	0.368131868131868	1
NA	MT-ATP8	1600700000	1600701378	1600700000	1600700067	1378	67	67	0.0486211901306241	1
NA	MT-ATP6	1600700000	1600701378	1600700022	1600700702	1378	680	680	0.493468795355588	1
NA	MT-CO3	1600700000	1600701378	1600700702	1600701485	1378	783	676	0.490566037735849	0.863346104725415
NA	MT-ND3	1600701612	1600702982	1600701554	1600701899	1370	345	287	0.209489051094891	0.831884057971015
NA	MT-TR	1600701612	1600702982	1600701900	1600701964	1370	64	64	0.0467153284671533	1
NA	MT-ND4L	1600701612	1600702982	1600701965	1600702261	1370	296	296	0.216058394160584	1
NA	MT-ND4	1600701612	1600702982	1600702255	1600703632	1370	1377	727	0.530656934306569	0.5279593318809
NA	MT-ND4	1600702979	1600703269	1600702255	1600703632	290	1377	290	1	0.210602759622367
NA	MT-ND4	1600703338	1600703680	1600702255	1600703632	342	1377	294	0.859649122807018	0.213507625272331
NA	MT-TH	1600703338	1600703680	1600703633	1600703701	342	68	47	0.137426900584795	0.691176470588235
NA	MT-TS2	1600703750	1600704531	1600703702	1600703760	781	58	10	0.0128040973111396	0.172413793103448
NA	MT-TL2	1600703750	1600704531	1600703761	1600703831	781	70	70	0.089628681177977	1
NA	MT-ND5	1600703750	1600704531	1600703832	1600705643	781	1811	699	0.895006402048656	0.385974599668691
NA	MT-ND5	1600704534	1600705210	1600703832	1600705643	676	1811	676	1	0.373274434014357
NA	MT-TR	1.601e+09	1601000129	1.601e+09	1601000011	129	11	11	0.0852713178294574	1
NA	MT-ND4L	1.601e+09	1601000129	1601000012	1601000308	129	296	117	0.906976744186046	0.39527027027027
NA	MT-ND5	1601400149	1601401280	1601400000	1601400244	1131	244	95	0.0839964633068081	0.389344262295082
NA	MT-ND6	1601400149	1601401280	1601400245	1601400769	1131	524	524	0.463306808134394	1
NA	MT-TE	1601400149	1601401280	1601400770	1601400838	1131	68	68	0.0601237842617153	1
NA	MT-CYB	1601400149	1601401280	1601400843	1601401983	1131	1140	437	0.386383731211317	0.383333333333333
NA	MT-ATP6	1700200000	1700200146	1700200000	1700200516	146	516	146	1	0.282945736434109
NA	MT-RNR2	1700500474	1700500959	1700500000	1700501145	485	1145	485	1	0.423580786026201
NA	MT-RNR2	1700600000	1700600081	1700600000	1700600573	81	573	81	1	0.141361256544503
NA	MT-TL1	1700600576	1700600992	1700600574	1700600648	416	74	72	0.173076923076923	0.972972972972973
NA	MT-TL1	1700700000	1700700042	1700700000	1700700043	42	43	42	1	0.976744186046512
MTND1P14	MT-ND1	1700700045	1700700994	1700700046	1700701001	949	955	948	0.998946259220232	0.992670157068063
TRNAQ41P	MT-TI	1700701060	1700701131	1700701002	1700701070	71	68	10	0.140845070422535	0.147058823529412
TRNAQ41P	MT-TQ	1700701060	1700701131	1700701068	1700701139	71	71	63	0.887323943661972	0.887323943661972
MTND2P12	MT-ND2	1700800000	1700801193	1700800000	1700800899	1193	899	899	0.753562447611065	1
MTND2P12	MT-ND2	1700900000	1700900568	1700900000	1700900575	568	575	568	1	0.987826086956522
NA	MT-CO1	1700900974	1700901453	1700900968	1700902509	479	1541	479	1	0.310837118754056
NA	MT-CYB	1701100422	1701101514	1701100382	1701101522	1092	1140	1092	1	0.957894736842105
MTRNR2L1	MT-TV	1701301072	1701302626	1701301025	1701301093	1554	68	21	0.0135135135135135	0.308823529411765
MTRNR2L1	MT-RNR2	1701301072	1701302626	1701301094	1701302652	1554	1558	1532	0.985842985842986	0.983311938382542
NA	MT-RNR2	1701302524	1701303291	1701301094	1701302652	767	1558	128	0.166883963494133	0.0821566110397946
NA	MT-TL1	1701302524	1701303291	1701302653	1701302727	767	74	74	0.0964797913950456	1
NA	MT-ND1	1701302524	1701303291	1701302730	1701303685	767	955	561	0.73142112125163	0.587434554973822
MTND1P15	MT-TL1	1701302699	1701303657	1701302653	1701302727	958	74	28	0.0292275574112735	0.378378378378378
MTND1P15	MT-ND1	1701302699	1701303657	1701302730	1701303685	958	955	927	0.967640918580376	0.970680628272251
NA	MT-TM	1701303860	1701304898	1701303825	1701303892	1038	67	32	0.0308285163776493	0.477611940298507
NA	MT-ND2	1701303860	1701304898	1701303893	1701304934	1038	1041	1005	0.968208092485549	0.965417867435158
NA	MT-TY	1701305285	1701307531	1701305249	1701305314	2246	65	29	0.0129118432769368	0.446153846153846
NA	MT-CO1	1701305285	1701307531	1701305327	1701306868	2246	1541	1541	0.686108637577916	1
NA	MT-TS1	1701305285	1701307531	1701306869	1701306937	2246	68	68	0.0302760463045414	1
NA	MT-TD	1701305285	1701307531	1701306941	1701307008	2246	67	67	0.0298308103294746	1
NA	MT-CO2	1701305285	1701307531	1701307009	1701307692	2246	683	522	0.232413178984862	0.764275256222548
TRNAS30P	MT-CO1	1701306814	1701306882	1701305327	1701306868	68	1541	54	0.794117647058823	0.0350421804023361
TRNAS30P	MT-TS1	1701306814	1701306882	1701306869	1701306937	68	68	13	0.191176470588235	0.191176470588235
MTATP6P3	MT-ATP8	1701307895	1701308570	1701307789	1701307995	675	206	100	0.148148148148148	0.485436893203884
MTATP6P3	MT-ATP6	1701307895	1701308570	1701307950	1701308630	675	680	620	0.918518518518519	0.911764705882353
NA	MT-ATP6	1701308573	1701309353	1701307950	1701308630	780	680	57	0.0730769230769231	0.0838235294117647
NA	MT-CO3	1701308573	1701309353	1701308630	1701309413	780	783	723	0.926923076923077	0.923371647509579
NA	MT-CO1	1701800001	1701800625	1701800000	1701800627	624	627	624	1	0.995215311004785
NA	MT-CO3	1702100000	1702100231	1702100000	1702100651	231	651	231	1	0.354838709677419
NA	MT-CO2	1800300000	1800300222	1800300000	1800300294	222	294	222	1	0.755102040816326
NA	MT-ND4	1800400000	1800400687	1800400000	1800400870	687	870	687	1	0.789655172413793
NA	MT-CO2	1900500000	1900500324	1900500000	1900500375	324	375	324	1	0.864
NA	MT-ATP6	1900600000	1900600479	1900600000	1900600485	479	485	479	1	0.987628865979381
NA	MT-ND4	1902000017	1902000212	1.902e+09	1902000220	195	220	195	1	0.886363636363636
NA	MT-CO1	2000300000	2000300331	2000300000	2000301274	331	1274	331	1	0.259811616954474
NA	MT-CO3	2000600025	2000600315	2000600000	2000600335	290	335	290	1	0.865671641791045
MTND1P9	MT-TF	2000800018	2000800961	2000800000	2000800070	943	70	52	0.0551431601272534	0.742857142857143
MTND1P9	MT-RNR1	2000800018	2000800961	2000800071	2000801024	943	953	890	0.943796394485684	0.93389296956978
MTRNR2L3	MT-TV	2000801032	2000802414	2000801025	2000801093	1382	68	61	0.0441389290882779	0.897058823529412
MTRNR2L3	MT-RNR2	2000801032	2000802414	2000801094	2000802652	1382	1558	1320	0.955137481910275	0.847240051347882
MTCO2P1	MT-CO2	2000900002	2000900478	2000900000	2000900559	476	559	476	1	0.851520572450805
NA	MT-CYB	2101200000	2101201841	2101200000	2101200712	1841	712	712	0.386746333514394	1
NA	MT-CYB	2101300000	2101300417	2101300000	2101301125	417	1125	417	1	0.370666666666667
MTND6P21	MT-ND6	2101400065	2101400909	2101400000	2101400247	844	247	182	0.21563981042654	0.736842105263158
MTND6P21	MT-TE	2101400065	2101400909	2101400248	2101400316	844	68	68	0.0805687203791469	1
MTND6P21	MT-ND5	2101500000	2101500084	2101500000	2101500161	84	161	84	1	0.521739130434783
MTND5P1	MT-ND5	2101500068	2101501442	2101500000	2101500161	1374	161	93	0.0676855895196507	0.577639751552795
MTND5P1	MT-ND6	2101500068	2101501442	2101500162	2101500686	1374	524	524	0.38136826783115	1
MTND5P1	MT-ND5	2101600000	2101600887	2101600000	2101600751	887	751	751	0.846674182638106	1
MTND5P1	MT-TS2	2101700000	2101700585	2101700000	2101700007	585	7	7	0.011965811965812	1
MTND5P1	MT-TL2	2101700000	2101700585	2101700008	2101700078	585	70	70	0.11965811965812	1
MTND5P1	MT-ND5	2101700000	2101700585	2101700079	2101701890	585	1811	506	0.864957264957265	0.279403644395362
MTCO1P3	MT-CO1	2101800003	2101800194	2101800000	2101801450	191	1450	191	1	0.131724137931034
MTND1P17	MT-ND1	2200100000	2200100197	2200100000	2200100511	197	511	197	1	0.385518590998043
MTND1P13	MT-ND1	2200200000	2200201430	2200200000	2200200658	1430	658	658	0.46013986013986	1
MTND1P13	MT-ND1	2200300000	2200300180	2200300000	2200300259	180	259	180	1	0.694980694980695
NA	MT-CO1	2200600000	2200600352	2200600000	2200600355	352	355	352	1	0.991549295774648
NA	MT-CO2	2200600507	2200601521	2200600496	2200601179	1014	683	672	0.662721893491124	0.98389458272328
NA	MT-CO2	2200700000	2200700510	2200700000	2200700516	510	516	510	1	0.988372093023256
NA	MT-ATP6	2200700823	2200701384	2200700774	2200701454	561	680	561	1	0.825
NA	MT-CO3	2200800046	2200800733	2200800044	2200800827	687	783	687	1	0.877394636015326
NA	MT-CO3	2200800736	2200801405	2200800044	2200800827	669	783	91	0.136023916292975	0.116219667943806
NA	MT-CYB	2200900000	2200900629	2200900000	2200900468	629	468	468	0.744038155802862	1
NA	MT-CYB	2.201e+09	2201000332	2.201e+09	2201000343	332	343	332	1	0.967930029154519
MTND1P10	MT-ND1	2201300025	2201300856	2201300000	2201300543	831	543	518	0.623345367027678	0.953959484346225
MTND1P10	MT-ND1	2201400000	2201400321	2201400000	2201400328	321	328	321	1	0.978658536585366
MTND6P12	MT-ND6	2300200081	2300200602	2300200078	2300200602	521	524	521	1	0.994274809160305
NA	MT-CYB	2300200675	2300201808	2300200676	2300201816	1133	1140	1132	0.999117387466902	0.992982456140351
NA	MT-TF	2.301e+09	2301000502	2.301e+09	2301000070	502	70	70	0.139442231075697	1
NA	MT-RNR1	2.301e+09	2301000502	2301000071	2301001024	502	953	431	0.858565737051793	0.452256033578174
MTND2P24	MT-TV	2301000959	2301001764	2301001025	2301001093	805	68	68	0.084472049689441	1
MTND2P24	MT-RNR2	2301000959	2301001764	2301001094	2301002652	805	1558	670	0.832298136645963	0.430038510911425
MTND2P24	MT-RNR1	2301000959	2301001764	2301000071	2301001024	805	953	65	0.0807453416149068	0.068205666316894
MTND1P30	MT-RNR2	2301002142	2301003042	2301001094	2301002652	900	1558	510	0.566666666666667	0.327342747111682
MTND1P30	MT-TL1	2301002142	2301003042	2301002653	2301002727	900	74	74	0.0822222222222222	1
MTND1P30	MT-ND1	2301002142	2301003042	2301002730	2301003685	900	955	312	0.346666666666667	0.326701570680628
MTRNR2L10	MT-ND1	2301003156	2301004276	2301002730	2301003685	1120	955	529	0.472321428571429	0.553926701570681
MTRNR2L10	MT-TI	2301003156	2301004276	2301003686	2301003754	1120	68	68	0.0607142857142857	1
MTRNR2L10	MT-TQ	2301003156	2301004276	2301003752	2301003823	1120	71	71	0.0633928571428571	1
MTRNR2L10	MT-TM	2301003156	2301004276	2301003825	2301003892	1120	67	67	0.0598214285714286	1
MTRNR2L10	MT-ND2	2301003156	2301004276	2301003893	2301004934	1120	1041	383	0.341964285714286	0.367915465898175
MTND1P31	MT-ND1	2301200530	2301201490	2301200506	2301201461	960	955	931	0.969791666666667	0.974869109947644
MTND1P31	MT-TI	2301200530	2301201490	2301201462	2301201530	960	68	28	0.0291666666666667	0.411764705882353
MTND2P25	MT-ND2	2301201685	2301202294	2301201669	2301202710	609	1041	609	1	0.585014409221902
NA	MT-CYB	2301300143	2301301264	2301300023	2301301163	1121	1140	1020	0.909901873327386	0.894736842105263
NA	MT-TT	2301300143	2301301264	2301301164	2301301229	1121	65	65	0.0579839429081178	1
NA	MT-TP	2301300143	2301301264	2301301232	2301301299	1121	67	32	0.0285459411239964	0.477611940298507
MTND4P31	MT-ND6	2301400538	2301404637	2301400076	2301400600	4099	524	62	0.0151256404000976	0.118320610687023
MTND4P31	MT-ND5	2301500000	2301503232	2301500000	2301501494	3232	1494	1494	0.462252475247525	1
MTND4P31	MT-ND4	2301600000	2301601945	2301600000	2301600340	1945	340	340	0.174807197943445	1
MTND4P31	MT-TH	2301600000	2301601945	2301600341	2301600409	1945	68	68	0.0349614395886889	1
MTND4P31	MT-TS2	2301600000	2301601945	2301600410	2301600468	1945	58	58	0.0298200514138817	1
MTND4P31	MT-TL2	2301600000	2301601945	2301600469	2301600539	1945	70	70	0.0359897172236504	1
MTND4P31	MT-ND5	2301600000	2301601945	2301600540	2301602351	1945	1811	1405	0.722365038560411	0.775814467145224
MTND4P31	MT-ND4	2301700000	2301700132	2301700000	2301700525	132	525	132	1	0.251428571428571
NA	MT-CYB	2301800000	2301800098	2301800000	2301801029	98	1029	98	1	0.0952380952380952
MTND6P13	MT-ND6	2.302e+09	2302000240	2.302e+09	2302000234	240	234	234	0.975	1
MTND6P13	MT-TE	2.302e+09	2302000240	2302000235	2302000303	240	68	5	0.0208333333333333	0.0735294117647059
MTND1P32	MT-ND1	2302500000	2302500866	2302500000	2302500886	866	886	866	1	0.977426636568849
MTND2P2	MT-TM	2302501075	2302502649	2302501026	2302501093	1574	67	18	0.01143583227446	0.26865671641791
MTND2P2	MT-ND2	2302501075	2302502649	2302501094	2302502135	1574	1041	1041	0.661372299872935	1
MTND2P2	MT-ND2	2302600000	2302600460	2302600000	2302600543	460	543	460	1	0.847145488029466
NA	MT-CO1	2302700007	2302700849	2302700000	2302700517	842	517	510	0.605700712589074	0.986460348162476
NA	MT-CO1	2302800000	2302800259	2302800000	2302800260	259	260	259	1	0.996153846153846
NA	MT-CO2	2302900000	2302900275	2302900000	2302900298	275	298	275	1	0.922818791946309
NA	MT-ATP8	2302900543	2302901707	2302900395	2302900601	1164	206	58	0.0498281786941581	0.281553398058252
NA	MT-ATP6	2302900543	2302901707	2302900556	2302901236	1164	680	680	0.584192439862543	1
NA	MT-ATP6	2.303e+09	2303000091	2.303e+09	2303000098	91	98	91	1	0.928571428571429
NA	MT-ATP6	2303000094	2303000414	2.303e+09	2303000098	320	98	4	0.0125	0.0408163265306122
NA	MT-CO3	2303000094	2303000414	2303000098	2303000881	320	783	316	0.9875	0.403575989782886
MTND5P26	MT-TL2	2303200128	2303203225	2303200058	2303200128	3097	70	0	0	0
MTND5P26	MT-ND5	2303200128	2303203225	2303200129	2303201940	3097	1811	1811	0.58475944462383	1
MTND5P26	MT-ND5	2303300000	2303301497	2303300000	2303301538	1497	1538	1497	1	0.97334200260078
NA	MT-ND5	2303301523	2303302005	2303300000	2303301538	482	1538	15	0.0311203319502075	0.00975292587776333
NA	MT-ND6	2303301523	2303302005	2303301539	2303302063	482	524	466	0.966804979253112	0.889312977099237
NA	MT-TE	2303302100	2303303183	2303302064	2303302132	1083	68	32	0.0295475530932595	0.470588235294118
NA	MT-CYB	2303302100	2303303183	2303302137	2303303277	1083	1140	1046	0.965835641735919	0.917543859649123
NA	MT-CO1	2303800001	2303800699	2303800000	2303800892	698	892	698	1	0.782511210762332
MTND4LP1	MT-RNR1	2303900261	2303900417	2303900000	2303900917	156	917	156	1	0.170119956379498
MTND4LP1	MT-ND4L	2.304e+09	2304000153	2.304e+09	2304000160	153	160	153	1	0.95625
NA	MT-ND4L	2304000078	2304000151	2.304e+09	2304000160	73	160	73	1	0.45625
MTND4P24	MT-ND4L	2304000154	2304000550	2.304e+09	2304000160	396	160	6	0.0151515151515152	0.0375
MTND4P24	MT-ND4	2304000154	2304000550	2304000154	2304001531	396	1377	396	1	0.287581699346405
NA	MT-TE	2304100062	2304101184	2304100000	2304100063	1122	63	1	0.00089126559714795	0.0158730158730159
NA	MT-CYB	2304100062	2304101184	2304100068	2304101208	1122	1140	1116	0.994652406417112	0.978947368421053
MTND1P33	MT-ND1	2304700602	2304701518	2304700593	2304701548	916	955	916	1	0.959162303664922
NA	MT-TM	2304800042	2304800805	2304800000	2304800055	763	55	13	0.0170380078636959	0.236363636363636
NA	MT-ND2	2304800042	2304800805	2304800056	2304801097	763	1041	749	0.981651376146789	0.719500480307397
MTND6P1	MT-ND6	2400200000	2400200397	2400200000	2400200399	397	399	397	1	0.994987468671679
MTCYBP1	MT-CYB	2400200470	2400201588	2400200473	2400201613	1118	1140	1115	0.997316636851521	0.978070175438597
MTND1P1	MT-TL1	2400402144	2400402511	2400402071	2400402145	367	74	1	0.00272479564032698	0.0135135135135135
MTND1P1	MT-ND1	2400402144	2400402511	2400402148	2400403103	367	955	363	0.989100817438692	0.380104712041885
MTND1P1	MT-ND1	2400500000	2400500192	2400500000	2400500205	192	205	192	1	0.936585365853659
MTND2P3	MT-TM	2400500403	2400500872	2400500345	2400500412	469	67	9	0.0191897654584222	0.134328358208955
MTND2P3	MT-ND2	2400500403	2400500872	2400500413	2400501454	469	1041	459	0.978678038379531	0.440922190201729
MTCYBP2	MT-CYB	2401200000	2401200170	2401200000	2401200321	170	321	170	1	0.529595015576324
